19
30
30
37
47
63
80
87
88
94
94
108
111
115
122
125
129
157
163
175
179
180
196
257
308
311
315
340
352
367
385
405
408
409
418
420
428
429
435
441
484
488
493
498
507
539
548
551
575
591
598
607
639
644
653
677
680
701
701
701
708
712
713
726
727
759
763
781
796
808
809
825
829
830
831
840
842
855
858
897
907
916
925
940
944
944
950
957
957
963
963
979
982
987
998
1013
1026
1050
1086
1086
1097
1110
1115
1129
1130
1158
1180
1181
1196
1202
1208
1217
1228
1234
1254
1260
1269
1270
1272
1276
1281
1302
1318
1322
1336
1357
1364
1373
1408
1424
1437
1447
1447
1450
1453
1477
1490
1491
1492
1502
1509
1529
1539
1541
1546
1586
1595
1606
1627
1664
1666
1681
1683
1695
1750
1770
1778
1780
1787
1796
1824
1825
1831
1839
1841
1844
1861
1869
1875
1880
1882
1884
1884
1886
1906
1907
1918
1949
1951
1959
1961
2014
2022
2023
2039
2055
2057
2062
2068
2077
2087
2096
2101
2107
2116
2117
2120
2125
2131
2135
2144
2146
2168
2169
2179
2180
2187
2188
2227
2230
2244
2248
2254
2254
2257
2266
2266
2271
2278
2326
2335
2352
2354
2361
2397
2410
2411
2415
2430
2434
2452
2456
2469
2483
2485
2508
2513
2522
2529
2539
2548
2558
2565
2579
2607
2660
2675
2675
2696
2704
2715
2720
2726
2728
2761
2776
2793
2802
2806
2813
2821
2822
2829
2835
2843
2849
2857
2865
2867
2875
2886
2892
2896
2921
2925
2929
2933
2935
2944
2958
2959
2999
3012
3021
3024
3025
3032
3060
3067
3068
3069
3077
3080
3096
3100
3126
3130
3132
3140
3150
3171
3172
3173
3198
3198
3214
3217
3224
3237
3245
3251
3283
3285
3297
3305
3314
3314
3320
3335
3341
3349
3351
3353
3357
3360
3401
3407
3407
3409
3428
3445
3445
3471
3489
3492
3494
3500
3501
3503
3506
3510
3527
3540
3553
3580
3607
3615
3618
3618
3673
3674
3676
3678
3686
3692
3709
3718
3731
3741
3744
3750
3757
3763
3782
3794
3806
3817
3822
3848
3855
3862
3874
3927
3957
3983
3994
4001
4008
4009
4014
4018
4020
4024
4040
4053
4057
4075
4100
4116
4129
4130
4135
4135
4143
4152
4158
4195
4209
4219
4226
4235
4235
4238
4242
4248
4255
4273
4273
4275
4281
4285
4295
4309
4315
4334
4335
4344
4353
4358
4362
4381
4399
4413
4432
4432
4444
4449
4452
4454
4471
4473
4503
4506
4516
4521
4528
4540
4541
4559
4562
4582
4598
4621
4628
4637
4680
4680
4682
4686
4688
4688
4698
4707
4718
4752
4762
4797
4800
4804
4819
4819
4851
4864
4867
4878
4882
4883
4901
4903
4906
4918
4939
4941
4947
4969
4982
4987
5006
5029
5056
5059
5067
5086
5088
5097
5110
5112
5134
5150
5162
5162
5165
5170
5174
5183
5184
5203
5209
5216
5221
5230
5249
5254
5264
5267
5270
5274
5302
5322
5344
5353
5381
5385
5388
5403
5406
5412
5414
5415
5435
5444
5458
5460
5468
5489
5494
5513
5519
5527
5531
5534
5540
5545
5549
5553
5565
5572
5574
5575
5576
5598
5618
5620
5626
5637
5641
5642
5653
5654
5670
5677
5713
5730
5733
5737
5746
5754
5765
5780
5815
5823
5839
5853
5874
5876
5880
5909
5909
5910
5911
5913
5918
5919
5943
5953
5979
5983
5985
6030
6037
6044
6050
6065
6065
6086
6103
6107
6110
6127
6132
6162
6172
6176
6179
6200
6217
6230
6251
6261
6264
6270
6274
6289
6305
6317
6327
6331
6332
6348
6355
6364
6371
6413
6425
6428
6437
6494
6505
6511
6526
6531
6537
6554
6556
6584
6618
6641
6647
6678
6688
6695
6716
6718
6725
6743
6770
6776
6791
6795
6800
6806
6845
6847
6872
6879
6894
6896
6900
6939
6941
6950
6961
6962
6966
6991
7004
7005
7019
7043
7063
7079
7086
7090
7098
7106
7113
7128
7134
7163
7163
7172
7179
7182
7206
7216
7242
7260
7260
7273
7278
7290
7308
7309
7314
7321
7324
7328
7328
7329
7343
7349
7351
7362
7364
7370
7374
7381
7390
7401
7407
7420
7425
7443
7458
7479
7488
7495
7524
7531
7532
7533
7572
7584
7609
7615
7652
7659
7662
7663
7666
7671
7685
7693
7696
7711
7723
7732
7749
7752
7764
7764
7780
7789
7794
7795
7803
7821
7827
7853
7857
7859
7892
7901
7909
7917
7926
7927
7947
7950
7975
7988
7998
7999
8013
8017
8023
8044
8045
8061
8064
8066
8067
8082
8088
8116
8126
8133
8134
8142
8158
8161
8163
8165
8181
8199
8199
8202
8241
8258
8260
8260
8281
8286
8292
8293
8297
8304
8311
8311
8319
8329
8329
8329
8330
8331
8342
8349
8357
8362
8364
8373
8378
8404
8412
8416
8420
8424
8447
8449
8456
8460
8464
8467
8491
8502
8525
8544
8548
8549
8553
8555
8570
8581
8599
8622
8627
8631
8641
8643
8646
8666
8689
8693
8699
8704
8711
8718
8722
8737
8745
8750
8752
8755
8758
8767
8771
8773
8777
8810
8830
8831
8845
8857
8867
8871
8883
8884
8887
8892
8921
8941
8947
8947
8948
8956
8966
8971
8984
9004
9007
9008
9011
9012
9023
9028
9039
9051
9062
9066
9066
9069
9074
9077
9079
9079
9082
9099
9100
9102
9105
9110
9130
9172
9179
9224
9226
9231
9232
9241
9246
9253
9254
9260
9262
9263
9264
9269
9277
9282
9295
9311
9316
9327
9338
9343
9352
9352
9360
9366
9368
9384
9412
9418
9454
9479
9507
9508
9513
9524
9548
9566
9573
9574
9581
9628
9636
9667
9673
9673
9677
9687
9700
9716
9727
9744
9751
9757
9759
9771
9775
9778
9783
9786
9790
9790
9807
9815
9828
9850
9852
9863
9868
9872
9873
9882
9922
9935
9951
9960
9962
9965
9967
9982
9991
10004
10033
10040
10147
10150
10150
10160
10166
10174
10185
10215
10216
10233
10248
10250
10262
10269
10284
10284
10287
10312
10315
10325
10329
10329
10330
10330
10347
10348
10352
10356
10362
10369
10378
10382
10394
10407
10409
10412
10415
10420
10435
10447
10490
10500
10502
10511
10536
10543
10566
10576
10587
10598
10618
10623
10624
10644
10666
10691
10691
10697
10698
10741
10753
10763
10781
10790
10798
10805
10821
10825
10832
10846
10856
10859
10862
10864
10876
10878
10902
10903
10911
10919
10936
10940
10942
10951
10954
10960
10985
10992
10994
11015
11016
11023
11026
11047
11049
11051
11071
11081
11088
11091
11092
11103
11104
11108
11116
11121
11126
11148
11155
11155
11173
11193
11196
11207
11212
11226
11229
11232
11237
11237
11257
11258
11261
11266
11280
11307
11311
11314
11316
11320
11333
11341
11346
11351
11361
11375
11376
11381
11391
11393
11393
11413
11426
11451
11456
11463
11473
11474
11485
11486
11494
11499
11505
11510
11511
11569
11583
11605
11612
11648
11648
11657
11659
11676
11680
11682
11684
11688
11693
11716
11718
11729
11739
11742
11754
11757
11780
11783
11784
11797
11803
11810
11825
11831
11832
11832
11833
11834
11850
11852
11854
11862
11865
11873
11896
11903
11924
11930
11934
11943
11948
11964
11965
11997
12001
12015
12017
12025
12036
12049
12052
12052
12060
12072
12084
12088
12106
12110
12122
12130
12136
12145
12145
12147
12153
12173
12190
12193
12210
12212
12219
12227
12242
12245
12253
12257
12271
12276
12288
12291
12338
12356
12370
12371
12395
12402
12408
12412
12417
12418
12442
12450
12451
12457
12459
12492
12512
12537
12537
12541
12550
12563
12567
12573
12584
12622
12632
12638
12652
12661
12682
12700
12706
12720
12735
12744
12747
12748
12749
12760
12766
12770
12833
12834
12844
12864
12868
12879
12898
12906
12907
12955
12956
12962
12973
12981
13012
13030
13037
13043
13049
13070
13089
13091
13096
13096
13100
13131
13139
13148
13163
13185
13191
13204
13219
13269
13275
13276
13281
13306
13336
13337
13342
13367
13380
13391
13392
13393
13398
13400
13405
13416
13437
13441
13447
13494
13496
13497
13516
13551
13566
13586
13588
13591
13597
13620
13634
13657
13665
13668
13694
13697
13715
13720
13725
13726
13727
13727
13734
13743
13745
13745
13753
13772
13789
13803
13814
13826
13830
13838
13848
13866
13876
13898
13908
13911
13924
13941
13948
13982
13987
14007
14021
14055
14057
14062
14070
14090
14090
14093
14124
14126
14131
14139
14154
14161
14161
14174
14178
14178
14182
14194
14225
14227
14235
14245
14260
14280
14282
14317
14322
14338
14340
14351
14376
14381
14391
14408
14422
14451
14454
14466
14477
14486
14487
14487
14497
14500
14512
14520
14523
14574
14582
14587
14598
14601
14645
14649
14652
14653
14661
14671
14679
14684
14691
14702
14705
14719
14723
14732
14744
14755
14755
14758
14769
14776
14778
14788
14789
14800
14811
14822
14830
14843
14870
14877
14890
14895
14899
14913
14939
14942
14944
14947
14949
14952
14959
14984
14989
15010
15015
15027
15048
15049
15050
15061
15062
15073
15083
15093
15094
15102
15111
15128
15129
15150
15153
15188
15199
15202
15228
15234
15241
15256
15260
15269
15272
15273
15290
15326
15333
15344
15354
15370
15376
15456
15457
15457
15463
15465
15474
15478
15478
15493
15498
15499
15506
15521
15522
15523
15540
15543
15545
15550
15559
15563
15595
15605
15655
15663
15664
15688
15694
15698
15700
15701
15711
15718
15721
15723
15725
15732
15759
15772
15773
15787
15788
15791
15805
15806
15812
15813
15825
15834
15840
15848
15864
15870
15876
15909
15911
15915
15951
15974
15975
15987
15990
16000
16012
16029
16034
16052
16054
16057
16059
16062
16067
16076
16089
16094
16114
16130
16140
16145
16153
16161
16176
16182
16198
16213
16215
16222
16238
16266
16271
16274
16275
16277
16278
16287
16287
16295
16299
16302
16316
16322
16324
16336
16339
16340
16341
16348
16361
16374
16387
16399
16400
16410
16417
16449
16458
16476
16485
16491
16493
16498
16505
16514
16520
16521
16532
16532
16564
16565
16569
16572
16576
16590
16592
16600
16622
16631
16672
16695
16696
16706
16741
16748
16753
16757
16765
16770
16801
16806
16807
16863
16863
16865
16881
16885
16901
16914
16928
16933
16987
16992
16993
16997
17009
17014
17033
17061
17068
17070
17083
17091
17101
17119
17119
17125
17155
17161
17176
17192
17212
17243
17243
17291
17294
17312
17318
17331
17339
17356
17360
17364
17380
17385
17390
17408
17434
17452
17464
17465
17490
17518
17519
17528
17528
17548
17549
17572
17581
17583
17584
17586
17589
17589
17606
17614
17633
17634
17635
17654
17660
17667
17714
17722
17725
17751
17751
17762
17777
17798
17815
17821
17837
17842
17851
17851
17877
17882
17882
17885
17891
17897
17913
17921
17922
17923
17930
17951
17954
17958
17965
17988
17989
18003
18010
18027
18051
18052
18055
18065
18075
18097
18098
18100
18103
18115
18119
18162
18168
18176
18190
18216
18217
18245
18252
18258
18262
18268
18276
18277
18289
18313
18313
18330
18356
18361
18373
18381
18382
18404
18418
18449
18451
18453
18454
18455
18481
18497
18502
18527
18546
18553
18573
18594
18596
18607
18611
18613
18618
18633
18648
18655
18659
18666
18673
18697
18699
18702
18714
18728
18740
18744
18759
18762
18766
18787
18798
18815
18838
18839
18853
18869
18875
18880
18882
18889
18891
18904
18905
18929
18946
18973
18974
19036
19057
19062
19063
19120
19130
19135
19150
19153
19162
19171
19173
19206
19216
19222
19227
19238
19243
19253
19269
19270
19301
19306
19351
19359
19360
19370
19370
19375
19385
19410
19414
19420
19450
19453
19467
19490
19491
19494
19500
19529
19530
19534
19547
19549
19555
19563
19568
19582
19597
19602
19608
19612
19614
19616
19624
19649
19651
19652
19652
19655
19658
19665
19665
19666
19675
19691
19700
19713
19723
19725
19741
19750
19761
19774
19778
19785
19792
19798
19806
19816
19817
19826
19835
19838
19854
19860
19868
19870
19874
19895
19898
19915
19928
19935
19960
19968
19988
19992
20005
20008
20015
20018
20033
20039
20051
20067
20073
20074
20087
20096
20097
20100
20103
20115
20121
20130
20148
20151
20160
20166
20173
20189
20198
20228
20229
20237
20238
20255
20267
20270
20271
20271
20278
20287
20288
20290
20294
20300
20308
20309
20312
20314
20322
20329
20331
20342
20368
20393
20394
20412
20414
20423
20432
20441
20445
20468
20473
20476
20476
20492
20496
20500
20513
20539
20544
20553
20570
20571
20577
20623
20624
20634
20635
20649
20654
20671
20677
20681
20682
20700
20708
20711
20711
20714
20739
20743
20748
20768
20769
20802
20812
20817
20819
20829
20845
20848
20848
20850
20863
20867
20883
20884
20888
20899
20937
20938
20941
20969
20975
20983
20984
21015
21046
21068
21075
21079
21079
21085
21113
21116
21118
21120
21123
21132
21144
21146
21169
21176
21179
21186
21218
21223
21223
21251
21256
21256
21260
21262
21272
21277
21299
21329
21334
21340
21347
21350
21355
21373
21378
21379
21383
21391
21397
21407
21420
21424
21425
21440
21440
21444
21469
21482
21488
21498
21501
21503
21521
21531
21539
21565
21582
21584
21591
21599
21605
21611
21622
21622
21625
21636
21646
21648
21657
21672
21706
21732
21744
21767
21767
21776
21807
21808
21810
21814
21833
21849
21853
21899
21917
21946
21951
21955
21959
21983
22003
22035
22045
22049
22071
22080
22092
22113
22132
22169
22181
22184
22185
22197
22199
22235
22237
22243
22260
22277
22301
22301
22308
22308
22314
22319
22326
22328
22330
22330
22331
22343
22367
22374
22377
22389
22390
22400
22401
22434
22453
22483
22494
22502
22502
22509
22521
22527
22531
22533
22539
22540
22558
22570
22581
22606
22614
22629
22638
22669
22669
22672
22682
22696
22706
22712
22715
22750
22763
22795
22802
22802
22810
22810
22840
22847
22865
22869
22874
22884
22887
22897
22897
22899
22903
22909
22915
22939
22953
22956
22983
22992
22999
23000
23007
23009
23020
23020
23027
23033
23033
23037
23039
23050
23059
23059
23064
23071
23084
23092
23115
23123
23124
23140
23142
23143
23143
23144
23148
23172
23172
23173
23180
23182
23192
23207
23230
23236
23239
23240
23240
23255
23258
23260
23261
23265
23266
23267
23296
23296
23315
23315
23327
23330
23330
23332
23349
23363
23370
23375
23375
23376
23398
23419
23439
23440
23441
23445
23460
23465
23489
23496
23509
23524
23529
23538
23559
23564
23579
23583
23606
23614
23637
23637
23638
23656
23660
23663
23670
23679
23681
23688
23689
23699
23712
23717
23719
23733
23737
23737
23777
23783
23787
23790
23802
23803
23817
23818
23849
23853
23865
23870
23874
23886
23889
23895
23921
23925
23930
23946
23955
23960
23969
23972
23979
23985
23993
24019
24024
24025
24046
24048
24052
24061
24069
24069
24079
24086
24103
24106
24110
24123
24137
24160
24165
24202
24211
24227
24229
24239
24242
24261
24264
24293
24297
24303
24307
24310
24321
24327
24344
24353
24356
24379
24391
24397
24411
24423
24429
24438
24465
24468
24499
24504
24509
24509
24513
24514
24528
24529
24554
24563
24564
24565
24571
24573
24586
24599
24604
24606
24606
24620
24623
24639
24664
24671
24676
24680
24698
24728
24732
24734
24749
24761
24762
24764
24764
24776
24776
24782
24789
24836
24849
24856
24858
24861
24885
24889
24893
24896
24904
24910
24920
24932
24964
24987
24990
25007
25010
25019
25024
25031
25033
25035
25042
25053
25070
25109
25130
25138
25141
25142
25152
25160
25167
25212
25213
25218
25223
25235
25270
25283
25287
25290
25300
25301
25305
25311
25331
25348
25350
25351
25367
25370
25430
25434
25450
25456
25473
25475
25478
25482
25485
25497
25506
25520
25529
25535
25540
25544
25557
25561
25573
25574
25591
25603
25605
25610
25619
25620
25634
25639
25647
25648
25650
25655
25659
25674
25713
25716
25722
25728
25731
25736
25739
25742
25746
25747
25749
25752
25752
25769
25769
25769
25775
25789
25791
25796
25797
25800
25810
25811
25815
25830
25854
25855
25860
25861
25896
25896
25907
25908
25908
25912
25926
25944
25945
25946
25946
25961
25962
25962
25971
25982
25982
25984
25992
26017
26029
26045
26054
26055
26074
26079
26093
26095
26097
26104
26104
26136
26168
26176
26197
26199
26242
26265
26282
26284
26289
26296
26298
26303
26314
26315
26326
26336
26344
26344
26352
26370
26382
26382
26390
26398
26408
26419
26423
26438
26444
26449
26450
26450
26494
26511
26519
26523
26531
26534
26550
26568
26575
26576
26594
26595
26615
26620
26628
26641
26657
26660
26667
26672
26692
26693
26700
26702
26707
26723
26727
26734
26742
26743
26783
26791
26831
26847
26854
26856
26860
26860
26867
26871
26877
26881
26886
26891
26893
26903
26910
26930
26932
26947
26950
26955
26962
26992
27019
27035
27041
27047
27051
27065
27067
27070
27072
27092
27096
27101
27110
27116
27127
27139
27145
27145
27152
27163
27167
27174
27179
27182
27189
27191
27199
27235
27237
27254
27268
27289
27292
27297
27308
27317
27322
27326
27332
27390
27406
27410
27410
27424
27430
27433
27440
27449
27453
27455
27473
27477
27486
27486
27505
27509
27515
27517
27519
27520
27524
27525
27532
27537
27541
27551
27560
27566
27572
27573
27582
27583
27591
27598
27614
27619
27620
27631
27647
27654
27656
27659
27667
27678
27689
27690
27700
27704
27714
27716
27717
27744
27755
27776
27781
27794
27797
27808
27825
27829
27831
27840
27855
27866
27875
27886
27888
27926
27961
27976
27976
27983
27988
27989
27999
28038
28044
28045
28046
28049
28058
28066
28072
28089
28098
28129
28129
28134
28151
28152
28161
28176
28185
28196
28201
28204
28207
28217
28219
28254
28258
28267
28273
28274
28274
28275
28277
28283
28306
28307
28309
28317
28322
28329
28342
28354
28381
28390
28394
28400
28428
28434
28434
28444
28454
28456
28486
28508
28515
28532
28534
28536
28540
28541
28544
28546
28550
28560
28573
28582
28597
28602
28605
28622
28622
28627
28633
28644
28644
28647
28652
28663
28670
28700
28700
28709
28720
28726
28734
28734
28763
28763
28765
28767
28797
28801
28801
28815
28816
28818
28825
28836
28847
28851
28860
28860
28871
28877
28887
28902
28906
28933
28938
28952
28954
28956
29014
29016
29034
29035
29064
29065
29076
29085
29088
29101
29109
29112
29123
29125
29126
29138
29147
29148
29150
29153
29158
29161
29164
29171
29173
29174
29176
29191
29193
29206
29208
29221
29263
29265
29271
29285
29294
29297
29328
29333
29355
29375
29375
29392
29406
29411
29415
29421
29437
29452
29454
29466
29476
29482
29483
29510
29538
29554
29556
29559
29570
29581
29594
29610
29613
29619
29629
29636
29645
29647
29655
29668
29677
29680
29690
29712
29722
29745
29749
29751
29754
29759
29762
29766
29774
29781
29796
29806
29806
29825
29827
29831
29831
29833
29840
29859
29872
29874
29882
29903
29923
29929
29933
29934
29942
29971
29981
29982
29988
30002
30014
30014
30020
30022
30028
30055
30060
30070
30071
30092
30094
30095
30095
30096
30114
30115
30121
30130
30132
30136
30141
30147
30148
30156
30183
30188
30220
30223
30238
30239
30246
30256
30260
30272
30310
30312
30314
30328
30328
30332
30334
30340
30371
30405
30405
30412
30451
30453
30454
30476
30493
30517
30548
30557
30575
30582
30593
30594
30597
30597
30604
30613
30624
30633
30675
30720
30721
30721
30733
30748
30750
30759
30762
30763
30769
30770
30778
30779
30784
30799
30810
30819
30842
30864
30872
30874
30883
30895
30897
30925
30934
30935
30944
30947
30963
30966
30987
30990
30991
30996
31002
31002
31004
31008
31031
31039
31040
31075
31082
31094
31107
31119
31119
31126
31141
31163
31172
31174
31183
31202
31206
31216
31245
31246
31246
31249
31281
31287
31294
31307
31311
31319
31332
31344
31348
31349
31349
31353
31354
31366
31376
31378
31383
31387
31391
31392
31394
31411
31417
31432
31439
31442
31446
31464
31470
31491
31501
31520
31520
31524
31527
31536
31562
31564
31565
31567
31582
31583
31586
31594
31601
31618
31630
31667
31677
31678
31686
31694
31696
31734
31740
31747
31750
31762
31777
31780
31783
31794
31809
31811
31823
31827
31845
31866
31894
31899
31906
31960
31975
31986
31997
31997
32004
32007
32025
32037
32046
32062
32064
32066
32095
32149
32159
32172
32193
32209
32209
32220
32244
32262
32277
32288
32288
32289
32291
32291
32296
32299
32320
32330
32331
32357
32359
32364
32443
32450
32464
32465
32466
32506
32535
32543
32548
32564
32565
32565
32565
32570
32573
32574
32593
32598
32601
32604
32644
32660
32663
32684
32686
32687
32693
32711
32728
32733
32740
32765
32769
32769
32774
32800
32803
32808
32815
32824
32855
32864
32900
32902
32915
32921
32931
32932
32934
32934
32955
32972
32973
32976
33035
33036
33047
33061
33069
33074
33080
33094
33097
33103
33154
33170
33176
33185
33191
33193
33197
33204
33214
33229
33235
33264
33284
33290
33293
33295
33300
33303
33332
33344
33366
33369
33373
33404
33405
33419
33434
33448
33460
33477
33478
33487
33497
33503
33513
33524
33528
33535
33538
33568
33576
33587
33600
33612
33614
33617
33627
33630
33631
33635
33648
33649
33653
33657
33663
33666
33689
33699
33701
33703
33708
33711
33713
33718
33729
33731
33737
33753
33802
33811
33827
33833
33856
33861
33884
33892
33900
33911
33915
33917
33937
33972
33973
33986
33986
34002
34010
34052
34060
34084
34092
34099
34111
34116
34120
34122
34137
34140
34142
34142
34149
34152
34154
34156
34175
34180
34182
34186
34188
34196
34202
34207
34209
34215
34227
34228
34228
34229
34231
34239
34272
34272
34280
34280
34290
34295
34345
34354
34370
34378
34382
34387
34389
34399
34401
34401
34404
34404
34406
34426
34437
34451
34455
34456
34479
34501
34530
34552
34555
34568
34569
34570
34584
34593
34604
34643
34643
34644
34654
34655
34655
34660
34666
34684
34736
34751
34763
34767
34780
34781
34786
34794
34799
34844
34854
34868
34871
34874
34876
34887
34894
34909
34917
34933
34934
34947
34958
34963
34979
35023
35039
35044
35045
35055
35056
35074
35097
35104
35112
35141
35143
35149
35151
35153
35154
35157
35164
35195
35195
35197
35231
35249
35251
35259
35282
35297
35329
35333
35333
35339
35374
35391
35393
35397
35414
35421
35423
35431
35431
35435
35451
35452
35479
35491
35498
35505
35518
35520
35526
35527
35538
35543
35544
35555
35557
35558
35565
35567
35572
35574
35578
35580
35589
35598
35600
35606
35607
35614
35619
35628
35642
35646
35656
35660
35689
35694
35695
35695
35699
35701
35711
35712
35713
35733
35735
35747
35747
35751
35755
35761
35766
35768
35791
35797
35855
35860
35916
35916
35927
35947
35965
35970
35984
36011
36012
36017
36024
36040
36040
36041
36041
36061
36065
36070
36077
36085
36087
36090
36095
36107
36136
36143
36146
36152
36152
36162
36170
36180
36206
36229
36234
36236
36239
36287
36308
36316
36328
36329
36347
36362
36366
36373
36401
36405
36413
36415
36425
36456
36471
36483
36484
36489
36498
36517
36517
36520
36520
36521
36538
36542
36561
36587
36590
36593
36605
36606
36624
36625
36651
36668
36691
36693
36702
36704
36709
36726
36730
36740
36742
36748
36755
36770
36773
36777
36788
36789
36794
36816
36832
36855
36859
36865
36869
36873
36873
36874
36878
36883
36897
36897
36926
36947
36949
36957
36957
36990
37004
37007
37021
37025
37025
37026
37039
37044
37051
37052
37060
37065
37085
37093
37102
37114
37140
37141
37148
37154
37155
37178
37182
37191
37198
37213
37222
37231
37237
37240
37250
37263
37280
37294
37300
37326
37330
37340
37355
37372
37382
37384
37386
37399
37411
37412
37416
37441
37457
37461
37468
37475
37481
37484
37490
37505
37505
37508
37515
37519
37522
37535
37538
37538
37541
37556
37556
37575
37586
37599
37619
37623
37630
37652
37652
37653
37667
37698
37708
37710
37715
37719
37733
37734
37737
37756
37772
37779
37815
37827
37830
37842
37850
37876
37884
37892
37912
37926
37934
37961
37998
38004
38038
38039
38044
38046
38053
38061
38064
38067
38067
38067
38072
38079
38080
38080
38081
38095
38100
38101
38105
38142
38143
38148
38153
38161
38190
38195
38199
38221
38222
38231
38248
38254
38257
38272
38272
38320
38330
38338
38367
38373
38373
38375
38380
38389
38408
38432
38434
38436
38436
38449
38450
38474
38492
38498
38502
38503
38504
38516
38518
38558
38560
38562
38609
38614
38627
38639
38654
38667
38680
38687
38687
38708
38714
38726
38733
38739
38745
38747
38757
38763
38764
38767
38773
38776
38780
38786
38788
38791
38803
38808
38828
38832
38837
38899
38902
38910
38915
38927
38931
38938
38940
38952
38968
38973
38975
38977
38983
38987
38996
38996
39017
39029
39066
39066
39071
39076
39079
39079
39079
39081
39083
39085
39126
39129
39145
39166
39167
39171
39212
39242
39256
39277
39282
39309
39311
39319
39331
39351
39352
39359
39362
39375
39391
39408
39426
39444
39453
39474
39479
39480
39485
39485
39496
39501
39505
39509
39545
39573
39575
39588
39611
39628
39659
39665
39674
39678
39691
39701
39708
39725
39735
39743
39750
39756
39757
39770
39776
39777
39806
39848
39856
39863
39874
39876
39879
39888
39918
39925
39933
39937
39949
39953
39960
39966
39972
39978
39984
39985
39997
40005
40012
40018
40032
40034
40050
40061
40080
40122
40139
40156
40169
40179
40211
40212
40213
40214
40223
40226
40238
40239
40251
40255
40261
40278
40281
40295
40296
40297
40302
40312
40318
40342
40355
40365
40376
40405
40405
40427
40435
40445
40458
40466
40478
40514
40521
40526
40537
40538
40548
40550
40550
40551
40573
40585
40586
40595
40610
40611
40611
40635
40636
40646
40669
40679
40680
40683
40686
40689
40690
40694
40705
40710
40712
40717
40718
40730
40748
40774
40796
40801
40804
40837
40869
40871
40880
40889
40908
40913
40928
40939
40941
40957
40965
40973
40979
40994
40997
41015
41023
41037
41056
41065
41069
41084
41085
41092
41099
41114
41117
41120
41121
41126
41136
41140
41147
41152
41166
41179
41179
41185
41189
41198
41205
41207
41208
41208
41208
41212
41216
41273
41277
41285
41291
41296
41312
41321
41326
41338
41350
41353
41368
41378
41386
41386
41391
41396
41403
41412
41426
41430
41446
41446
41459
41459
41462
41471
41484
41493
41528
41530
41553
41563
41566
41608
41647
41650
41662
41677
41693
41699
41707
41716
41718
41721
41734
41734
41740
41755
41767
41792
41801
41803
41804
41805
41806
41822
41822
41825
41830
41837
41859
41862
41870
41883
41889
41895
41896
41937
41992
42002
42009
42055
42072
42072
42096
42114
42117
42179
42181
42184
42188
42193
42203
42206
42209
42214
42224
42228
42234
42266
42267
42271
42276
42288
42291
42301
42309
42323
42346
42358
42366
42367
42372
42390
42395
42401
42403
42406
42412
42416
42420
42422
42434
42444
42463
42465
42475
42480
42487
42489
42493
42498
42508
42510
42548
42549
42556
42559
42559
42608
42608
42609
42637
42668
42671
42672
42683
42686
42711
42714
42720
42729
42748
42762
42772
42785
42812
42831
42831
42850
42861
42866
42867
42867
42907
42931
42934
42937
42948
42958
42975
42986
42993
42999
43005
43006
43023
43030
43030
43053
43071
43080
43092
43095
43100
43112
43124
43127
43138
43141
43143
43147
43151
43156
43156
43185
43190
43193
43207
43219
43223
43238
43239
43243
43251
43272
43309
43312
43314
43315
43316
43321
43323
43330
43339
43342
43348
43355
43358
43367
43375
43381
43405
43410
43414
43416
43442
43447
43452
43459
43461
43474
43479
43485
43491
43494
43496
43507
43530
43535
43537
43592
43599
43632
43633
43641
43644
43645
43648
43652
43655
43663
43680
43683
43685
43696
43701
43718
43727
43754
43759
43764
43783
43788
43789
43795
43798
43820
43852
43857
43872
43901
43927
43932
43941
43974
43987
43995
43997
44002
44016
44023
44023
44024
44035
44035
44055
44057
44063
44063
44071
44077
44088
44099
44127
44131
44133
44167
44172
44177
44180
44189
44193
44201
44202
44222
44240
44247
44252
44263
44273
44277
44282
44286
44301
44306
44307
44320
44329
44341
44358
44371
44375
44379
44403
44405
44443
44453
44467
44469
44477
44487
44515
44522
44527
44544
44550
44553
44558
44603
44605
44614
44616
44628
44633
44639
44647
44652
44672
44686
44690
44699
44705
44706
44726
44742
44744
44752
44766
44775
44778
44779
44782
44783
44805
44806
44823
44830
44832
44836
44868
44871
44893
44898
44904
44915
44917
44919
44935
44939
44947
44947
44950
44965
44985
45016
45030
45038
45045
45057
45062
45066
45069
45075
45080
45096
45099
45105
45107
45127
45129
45132
45138
45150
45156
45160
45169
45178
45211
45221
45243
45252
45259
45261
45264
45277
45283
45286
45324
45326
45344
45357
45369
45385
45413
45435
45440
45464
45468
45476
45498
45504
45505
45525
45526
45527
45528
45529
45534
45542
45545
45551
45574
45578
45588
45592
45593
45608
45615
45626
45636
45677
45683
45687
45705
45718
45721
45733
45733
45739
45741
45745
45749
45764
45772
45781
45798
45800
45809
45819
45845
45853
45869
45876
45880
45897
45906
45927
45971
45991
46029
46034
46062
46076
46088
46104
46104
46115
46117
46123
46124
46125
46172
46183
46187
46202
46218
46226
46231
46260
46276
46303
46307
46317
46319
46331
46331
46332
46340
46379
46387
46391
46403
46408
46435
46440
46450
46492
46497
46501
46514
46524
46536
46544
46554
46557
46557
46559
46589
46590
46592
46598
46599
46605
46612
46614
46622
46630
46633
46644
46652
46658
46659
46660
46663
46667
46674
46676
46689
46694
46707
46708
46721
46742
46748
46780
46785
46788
46798
46807
46814
46851
46869
46892
46894
46928
46929
46933
46938
46941
46950
46951
46961
46963
46963
46964
46966
46978
46979
46979
46985
46987
47028
47046
47073
47085
47113
47148
47174
47177
47184
47185
47196
47217
47260
47270
47281
47291
47296
47301
47304
47320
47367
47393
47398
47402
47413
47418
47430
47433
47451
47451
47480
47500
47526
47533
47545
47557
47559
47560
47569
47569
47602
47609
47609
47612
47619
47626
47632
47633
47636
47653
47669
47675
47676
47684
47723
47726
47759
47765
47765
47773
47774
47794
47797
47811
47817
47830
47844
47845
47865
47870
47875
47876
47911
47935
47948
47952
47962
47975
47986
47988
47990
47995
48010
48012
48059
48069
48069
48080
48093
48100
48102
48105
48109
48118
48129
48133
48191
48201
48201
48201
48209
48212
48222
48236
48248
48265
48281
48282
48297
48305
48327
48328
48334
48343
48349
48360
48414
48419
48434
48462
48469
48491
48502
48514
48524
48533
48544
48547
48559
48572
48573
48576
48583
48594
48661
48662
48668
48678
48680
48687
48700
48716
48729
48741
48754
48769
48790
48792
48793
48795
48810
48835
48836
48847
48848
48867
48871
48874
48878
48900
48910
48933
48941
48945
48964
48966
48981
48996
48997
49013
49014
49056
49077
49111
49125
49140
49148
49153
49160
49160
49182
49199
49250
49256
49268
49287
49287
49291
49302
49315
49320
49323
49330
49331
49372
49373
49375
49399
49401
49413
49420
49421
49424
49449
49451
49465
49486
49490
49496
49499
49505
49511
49523
49524
49524
49527
49540
49559
49564
49569
49599
49599
49629
49633
49637
49655
49655
49677
49686
49689
49694
49709
49713
49724
49728
49737
49762
49763
49781
49781
49782
49794
49802
49819
49821
49824
49825
49832
49846
49848
49854
49867
49870
49895
49901
49910
49913
49917
49924
49925
49925
49929
49931
49936
49941
49972
49986
49988
49995
50016
50040
50046
50083
50097
50103
50104
50115
50155
50156
50159
50167
50176
50189
50198
50210
50213
50215
50217
50225
50237
50256
50264
50276
50291
50302
50310
50312
50321
50361
50372
50377
50382
50396
50432
50442
50457
50458
50462
50465
50469
50476
50479
50482
50489
50497
50520
50521
50522
50568
50628
50637
50652
50671
50694
50697
50699
50719
50732
50751
50774
50774
50808
50810
50830
50837
50839
50843
50847
50882
50883
50893
50899
50911
50917
50919
50924
50929
50948
50969
50971
50973
50973
50974
50976
50983
50992
51009
51010
51018
51020
51035
51049
51049
51060
51073
51080
51096
51119
51132
51151
51167
51187
51200
51202
51211
51214
51225
51226
51241
51256
51259
51269
51276
51288
51315
51316
51328
51336
51337
51340
51343
51352
51353
51363
51371
51373
51392
51408
51460
51467
51468
51481
51483
51484
51505
51514
51517
51580
51593
51601
51621
51633
51639
51648
51650
51654
51655
51670
51688
51697
51703
51705
51714
51722
51740
51744
51752
51753
51764
51784
51788
51809
51829
51852
51859
51879
51897
51899
51902
51937
51944
51953
51957
51959
52002
52011
52012
52029
52030
52031
52032
52043
52049
52054
52058
52075
52090
52093
52129
52131
52132
52133
52137
52143
52163
52173
52177
52187
52196
52197
52203
52208
52208
52211
52214
52225
52231
52234
52252
52264
52273
52277
52280
52295
52325
52331
52333
52343
52353
52366
52373
52376
52380
52400
52408
52412
52419
52424
52431
52432
52440
52450
52452
52463
52471
52472
52496
52503
52506
52508
52508
52526
52539
52558
52574
52582
52601
52610
52640
52659
52676
52688
52697
52704
52721
52728
52729
52730
52741
52763
52768
52800
52815
52823
52831
52859
52886
52907
52908
52922
52932
52965
52971
52984
52998
53003
53004
53018
53050
53079
53114
53119
53122
53129
53146
53172
53173
53203
53204
53205
53225
53238
53243
53253
53253
53266
53270
53278
53285
53290
53298
53298
53308
53328
53346
53361
53362
53366
53389
53448
53459
53462
53462
53463
53486
53487
53500
53504
53531
53532
53533
53543
53543
53570
53574
53584
53606
53621
53629
53659
53671
53674
53676
53690
53704
53719
53721
53722
53723
53724
53727
53736
53773
53776
53780
53803
53811
53813
53824
53832
53837
53845
53845
53864
53867
53877
53886
53899
53902
53908
53913
53924
53930
53937
53942
53954
53960
53965
53971
53984
54005
54006
54015
54019
54022
54024
54030
54046
54050
54051
54059
54060
54067
54068
54072
54080
54088
54094
54098
54098
54138
54159
54166
54186
54209
54215
54217
54231
54245
54266
54277
54293
54301
54304
54309
54316
54329
54339
54345
54349
54362
54362
54364
54376
54403
54405
54411
54418
54434
54447
54460
54476
54486
54491
54491
54504
54506
54511
54515
54515
54515
54526
54532
54540
54543
54543
54602
54604
54615
54624
54634
54643
54654
54705
54722
54729
54754
54756
54758
54761
54771
54776
54787
54790
54819
54827
54857
54862
54884
54893
54894
54916
54919
54926
54929
54929
54940
54979
54985
54986
54990
55007
55028
55031
55031
55033
55035
55046
55049
55072
55082
55082
55087
55093
55094
55095
55097
55127
55141
55149
55153
55154
55166
55184
55192
55204
55221
55225
55227
55227
55242
55247
55249
55255
55257
55269
55273
55274
55277
55288
55302
55316
55326
55354
55355
55363
55388
55391
55403
55410
55431
55438
55445
55487
55492
55498
55499
55508
55516
55544
55574
55581
55591
55614
55622
55643
55644
55655
55655
55663
55670
55676
55682
55692
55703
55716
55733
55737
55756
55775
55780
55785
55820
55825
55827
55841
55855
55856
55857
55891
55901
55905
55907
55910
55918
55925
55931
55942
55990
56038
56046
56049
56053
56053
56057
56071
56072
56077
56086
56088
56100
56113
56114
56122
56131
56132
56134
56135
56176
56182
56198
56224
56224
56230
56251
56254
56256
56259
56296
56300
56304
56313
56338
56339
56348
56354
56355
56364
56370
56370
56371
56376
56378
56406
56406
56422
56426
56429
56439
56446
56458
56461
56469
56474
56487
56494
56500
56509
56510
56514
56532
56532
56532
56554
56555
56575
56590
56622
56622
56652
56652
56692
56703
56708
56717
56718
56752
56770
56786
56803
56811
56821
56822
56832
56842
56844
56889
56910
56911
56930
56942
56948
56955
56967
56971
56990
57001
57003
57017
57019
57041
57050
57085
57085
57107
57116
57130
57156
57174
57181
57182
57193
57210
57215
57216
57230
57234
57250
57261
57289
57302
57318
57322
57351
57364
57365
57373
57392
57404
57406
57417
57420
57431
57441
57445
57451
57462
57476
57479
57483
57486
57488
57499
57521
57527
57530
57558
57558
57562
57565
57566
57571
57572
57579
57581
57589
57589
57597
57610
57619
57622
57625
57627
57682
57714
57727
57730
57739
57751
57756
57779
57781
57785
57786
57812
57849
57863
57868
57893
57896
57899
57901
57904
57919
57924
57932
57937
57940
57951
57958
57958
57969
57970
57970
57974
57978
57983
57985
57986
57996
58014
58017
58020
58024
58026
58029
58033
58034
58035
58074
58106
58116
58120
58132
58132
58137
58153
58174
58184
58192
58196
58203
58212
58227
58248
58255
58268
58289
58289
58293
58304
58320
58320
58338
58350
58353
58355
58362
58381
58392
58395
58408
58428
58438
58446
58452
58468
58480
58523
58531
58539
58552
58586
58596
58596
58614
58629
58638
58644
58648
58652
58681
58683
58686
58703
58722
58735
58736
58741
58756
58760
58775
58781
58791
58794
58796
58817
58820
58828
58831
58837
58855
58860
58888
58925
58927
58942
58947
58959
58964
58978
58979
58989
58991
58997
59003
59005
59011
59016
59024
59044
59049
59060
59067
59093
59107
59107
59113
59142
59143
59156
59176
59187
59216
59223
59223
59239
59264
59273
59282
59289
59312
59314
59316
59317
59361
59372
59373
59375
59377
59381
59392
59393
59416
59419
59432
59443
59459
59468
59470
59485
59493
59497
59498
59508
59515
59528
59552
59553
59577
59579
59600
59603
59614
59617
59636
59660
59668
59669
59672
59696
59697
59706
59722
59739
59742
59745
59754
59790
59794
59798
59810
59843
59858
59875
59885
59886
59886
59896
59914
59927
59932
59938
59991
59994
59995
60025
60027
60033
60035
60040
60041
60043
60050
60055
60093
60095
60104
60121
60146
60148
60149
60162
60169
60170
60219
60225
60237
60243
60257
60263
60267
60275
60281
60288
60292
60298
60300
60322
60344
60346
60368
60376
60378
60380
60386
60393
60394
60395
60416
60425
60437
60453
60464
60465
60479
60482
60483
60518
60526
60540
60541
60564
60573
60574
60585
60588
60592
60607
60629
60637
60664
60668
60701
60714
60723
60728
60730
60735
60742
60742
60754
60764
60768
60773
60778
60778
60798
60800
60816
60818
60824
60830
60837
60847
60877
60880
60880
60884
60888
60905
60916
60919
60922
60932
60937
60942
60945
60952
60954
60964
60968
60971
60972
60972
60992
61013
61018
61031
61043
61072
61079
61084
61086
61090
61100
61118
61120
61121
61126
61128
61131
61157
61168
61170
61183
61189
61222
61248
61260
61272
61276
61279
61280
61313
61313
61314
61315
61319
61336
61344
61360
61371
61377
61413
61414
61417
61418
61420
61428
61433
61439
61444
61458
61472
61482
61496
61518
61520
61573
61596
61598
61604
61615
61621
61667
61682
61682
61693
61701
61721
61741
61742
61747
61759
61765
61769
61769
61774
61778
61783
61800
61808
61829
61830
61837
61848
61863
61865
61879
61880
61894
61904
61915
61917
61917
61918
61922
61928
61932
61947
61952
61957
61958
61972
61973
61980
62003
62030
62031
62046
62056
62061
62076
62085
62086
62111
62122
62134
62136
62141
62152
62156
62163
62163
62165
62176
62189
62232
62245
62252
62257
62279
62287
62298
62302
62305
62306
62324
62326
62341
62347
62349
62363
62382
62421
62435
62439
62443
62444
62453
62477
62481
62496
62504
62505
62524
62526
62529
62534
62536
62538
62554
62561
62583
62583
62591
62623
62625
62628
62633
62638
62663
62664
62669
62673
62735
62739
62747
62749
62760
62765
62767
62777
62779
62788
62800
62820
62835
62836
62839
62849
62858
62865
62865
62879
62885
62893
62898
62911
62922
62929
62933
62944
62952
62965
62966
62971
62973
62988
62990
63011
63014
63021
63022
63025
63033
63048
63049
63051
63060
63070
63072
63080
63086
63092
63107
63109
63117
63129
63144
63155
63176
63191
63222
63223
63226
63252
63284
63294
63301
63302
63322
63324
63336
63340
63344
63360
63373
63375
63375
63381
63386
63388
63393
63395
63405
63417
63420
63429
63443
63457
63478
63479
63488
63489
63507
63510
63543
63544
63547
63549
63554
63578
63581
63612
63615
63622
63634
63644
63646
63659
63665
63671
63676
63677
63682
63682
63682
63688
63695
63700
63703
63713
63717
63731
63733
63751
63774
63779
63780
63781
63797
63837
63839
63852
63864
63865
63866
63880
63884
63890
63907
63928
63940
63966
63984
63992
63998
63999
64039
64059
64077
64084
64105
64114
64133
64156
64157
64159
64174
64185
64215
64236
64243
64265
64270
64271
64278
64282
64284
64305
64308
64315
64326
64363
64380
64395
64395
64398
64410
64411
64414
64414
64419
64435
64451
64462
64494
64499
64510
64516
64526
64526
64549
64555
64568
64590
64593
64616
64620
64621
64625
64632
64632
64636
64638
64649
64655
64660
64663
64665
64679
64691
64692
64693
64707
64710
64736
64737
64755
64764
64780
64798
64824
64824
64851
64856
64860
64867
64874
64887
64896
64898
64912
64913
64949
64976
64990
64990
64995
64998
65003
65009
65022
65027
65043
65049
65061
65080
65085
65093
65108
65125
65154
65158
65161
65163
65168
65173
65174
65178
65181
65194
65208
65236
65236
65251
65263
65282
65301
65312
65322
65358
65381
65384
65388
65388
65398
65444
65461
65465
65475
65517
65520
65535
65540
65549
65550
65560
65576
65580
65589
65596
65604
65604
65614
65628
65632
65642
65676
65689
65703
65712
65715
65734
65743
65747
65749
65754
65757
65761
65771
65778
65786
65794
65800
65820
65835
65835
65858
65871
65875
65879
65884
65885
65912
65924
65934
65967
65970
65978
65983
66002
66025
66033
66045
66060
66073
66078
66088
66093
66099
66101
66108
66150
66153
66172
66179
66190
66201
66209
66234
66235
66248
66249
66250
66258
66263
66268
66270
66291
66293
66309
66330
66333
66351
66353
66353
66357
66367
66374
66391
66392
66393
66404
66432
66436
66438
66448
66448
66449
66462
66480
66480
66483
66487
66500
66500
66501
66507
66514
66516
66523
66529
66551
66557
66573
66574
66576
66585
66590
66607
66608
66611
66614
66615
66615
66635
66636
66653
66656
66661
66665
66670
66677
66700
66705
66706
66712
66719
66727
66729
66742
66749
66757
66760
66774
66780
66784
66792
66799
66807
66831
66832
66839
66850
66853
66854
66854
66866
66875
66882
66890
66895
66897
66898
66911
66919
66921
66926
66927
66927
66933
66937
66944
66946
66954
66955
66956
66956
66963
66967
66981
67004
67019
67028
67040
67048
67048
67055
67057
67095
67097
67100
67109
67124
67124
67142
67144
67148
67164
67174
67183
67186
67211
67212
67226
67228
67236
67239
67239
67256
67264
67267
67280
67282
67304
67305
67314
67315
67321
67337
67342
67345
67354
67358
67382
67445
67453
67485
67488
67493
67508
67510
67523
67535
67552
67552
67562
67565
67580
67598
67624
67651
67669
67670
67680
67690
67690
67690
67695
67701
67716
67717
67727
67741
67743
67747
67757
67780
67789
67796
67799
67812
67816
67831
67855
67865
67898
67899
67901
67909
67913
67918
67932
67942
67943
67946
67953
67974
68000
68003
68008
68016
68042
68042
68048
68049
68062
68096
68100
68103
68106
68115
68116
68121
68129
68156
68181
68181
68186
68208
68216
68223
68231
68234
68244
68245
68251
68259
68265
68270
68280
68289
68305
68315
68321
68327
68330
68340
68356
68370
68375
68378
68392
68403
68424
68443
68444
68460
68475
68487
68494
68498
68528
68529
68534
68540
68543
68548
68575
68581
68582
68587
68594
68595
68596
68604
68610
68610
68618
68626
68630
68636
68637
68639
68640
68646
68665
68666
68679
68684
68687
68697
68706
68710
68719
68723
68747
68748
68763
68764
68768
68772
68791
68796
68816
68824
68831
68831
68832
68834
68836
68843
68844
68852
68856
68864
68900
68909
68945
68950
68952
68953
68985
68998
69012
69043
69049
69055
69063
69069
69071
69077
69102
69106
69139
69170
69184
69186
69207
69273
69282
69295
69302
69308
69308
69317
69321
69351
69355
69367
69392
69405
69413
69447
69447
69450
69458
69469
69489
69491
69498
69513
69517
69533
69561
69566
69576
69584
69598
69631
69655
69659
69666
69671
69683
69714
69721
69722
69723
69727
69727
69744
69757
69786
69786
69789
69792
69809
69814
69818
69825
69836
69847
69854
69877
69904
69913
69913
69921
69933
69942
69957
69962
69967
69972
69985
69986
70025
70036
70039
70039
70054
70058
70058
70062
70071
70073
70102
70137
70139
70152
70160
70166
70169
70170
70179
70180
70190
70192
70196
70197
70200
70203
70205
70221
70228
70241
70241
70249
70272
70277
70278
70280
70282
70294
70300
70301
70309
70310
70317
70318
70333
70336
70343
70366
70384
70385
70389
70423
70436
70445
70457
70458
70465
70465
70466
70471
70476
70483
70497
70498
70498
70501
70501
70504
70526
70531
70545
70556
70559
70577
70580
70581
70584
70588
70597
70610
70616
70623
70629
70671
70689
70699
70726
70727
70743
70751
70752
70759
70805
70813
70814
70826
70827
70851
70862
70871
70883
70935
70951
70958
70959
70965
70970
70977
70982
71012
71017
71023
71033
71037
71041
71055
71070
71070
71076
71082
71084
71099
71100
71103
71108
71125
71148
71157
71165
71190
71193
71201
71212
71222
71225
71240
71243
71243
71250
71252
71267
71269
71277
71281
71294
71351
71366
71370
71384
71389
71394
71396
71408
71418
71443
71443
71447
71452
71456
71464
71479
71481
71519
71520
71536
71544
71549
71558
71583
71609
71610
71611
71611
71613
71626
71628
71634
71636
71653
71669
71679
71691
71706
71708
71710
71710
71713
71723
71740
71747
71750
71761
71762
71763
71785
71796
71801
71836
71841
71856
71870
71873
71878
71882
71888
71893
71899
71923
71926
71941
71948
71948
71955
71964
71983
71996
71998
72010
72016
72021
72023
72040
72082
72090
72106
72121
72136
72142
72149
72166
72196
72203
72208
72233
72236
72236
72261
72271
72277
72279
72305
72305
72312
72319
72340
72345
72348
72356
72375
72376
72386
72414
72419
72432
72485
72497
72510
72513
72525
72525
72539
72541
72546
72556
72568
72570
72587
72593
72597
72602
72620
72633
72643
72644
72669
72684
72693
72702
72714
72723
72723
72723
72739
72745
72752
72759
72761
72764
72768
72780
72783
72789
72802
72818
72828
72837
72851
72853
72864
72868
72871
72879
72887
72901
72909
72942
72946
72953
72954
72964
72967
72981
72985
73001
73001
73018
73038
73039
73042
73051
73058
73061
73068
73094
73095
73107
73118
73119
73126
73127
73130
73138
73139
73143
73175
73181
73183
73192
73207
73219
73221
73223
73232
73257
73262
73271
73291
73291
73295
73303
73314
73315
73331
73349
73373
73375
73377
73387
73391
73399
73416
73417
73429
73438
73440
73441
73443
73446
73447
73480
73492
73498
73511
73516
73528
73536
73543
73561
73578
73581
73588
73608
73608
73619
73624
73640
73654
73655
73659
73683
73687
73688
73710
73714
73717
73742
73742
73781
73784
73788
73806
73815
73817
73844
73845
73854
73858
73868
73871
73874
73883
73884
73886
73887
73888
73909
73923
73940
73965
73970
73975
73980
74005
74014
74025
74059
74059
74063
74076
74077
74084
74086
74088
74101
74134
74141
74145
74145
74173
74184
74193
74205
74205
74211
74220
74220
74229
74230
74240
74241
74247
74248
74251
74251
74254
74270
74275
74280
74290
74293
74307
74309
74317
74321
74331
74348
74358
74366
74366
74368
74369
74378
74401
74402
74414
74420
74422
74432
74472
74496
74510
74541
74542
74548
74558
74558
74559
74563
74573
74576
74581
74584
74593
74594
74605
74611
74614
74653
74656
74675
74687
74700
74702
74709
74733
74740
74741
74752
74756
74782
74793
74795
74797
74818
74824
74828
74881
74893
74898
74905
74911
74917
74921
74931
74949
74951
74961
74962
74964
74971
74982
74984
74990
74992
75001
75002
75021
75024
75038
75045
75046
75052
75061
75090
75104
75119
75121
75151
75152
75159
75163
75166
75168
75176
75179
75181
75187
75195
75229
75231
75238
75240
75244
75246
75254
75254
75263
75270
75291
75292
75321
75324
75351
75374
75377
75381
75385
75391
75394
75401
75407
75408
75411
75432
75469
75477
75480
75483
75484
75485
75507
75518
75518
75527
75538
75563
75570
75580
75582
75592
75599
75604
75607
75612
75642
75666
75672
75677
75690
75691
75693
75694
75696
75696
75731
75742
75751
75754
75766
75814
75817
75828
75831
75836
75847
75851
75852
75860
75876
75889
75897
75910
75911
75922
75925
75928
75929
75940
75960
75972
75977
75982
75999
76014
76020
76054
76063
76078
76099
76108
76113
76126
76128
76135
76141
76151
76162
76174
76191
76194
76197
76232
76236
76244
76245
76248
76269
76275
76288
76291
76307
76314
76316
76322
76327
76337
76338
76342
76344
76358
76360
76364
76366
76387
76388
76390
76391
76416
76457
76461
76467
76477
76493
76503
76507
76509
76509
76516
76524
76532
76541
76545
76548
76549
76585
76598
76631
76634
76638
76663
76666
76668
76672
76676
76679
76691
76702
76708
76710
76711
76722
76724
76733
76741
76743
76746
76793
76809
76820
76853
76858
76879
76881
76889
76890
76906
76913
76921
76932
76941
76944
76945
76948
76959
76971
76975
76993
76995
76995
76997
77009
77011
77023
77068
77068
77078
77085
77090
77097
77098
77111
77117
77166
77168
77179
77228
77229
77232
77241
77242
77258
77268
77272
77290
77290
77293
77318
77319
77322
77323
77334
77346
77362
77374
77380
77384
77395
77398
77398
77399
77429
77434
77460
77476
77496
77498
77530
77533
77539
77541
77568
77580
77593
77598
77611
77641
77652
77653
77654
77655
77667
77695
77709
77714
77729
77732
77741
77742
77749
77754
77755
77761
77778
77778
77802
77825
77835
77856
77869
77876
77892
77907
77916
77927
77945
77957
77969
77975
77999
78002
78020
78023
78026
78034
78056
78056
78064
78077
78078
78087
78095
78100
78102
78108
78113
78121
78133
78135
78145
78153
78172
78176
78181
78204
78210
78220
78243
78272
78283
78292
78293
78307
78326
78342
78342
78357
78368
78370
78372
78373
78380
78382
78385
78389
78395
78397
78397
78414
78419
78421
78434
78443
78457
78458
78459
78465
78474
78475
78480
78505
78523
78528
78535
78545
78553
78566
78567
78572
78581
78598
78624
78626
78630
78635
78657
78671
78672
78673
78673
78678
78681
78689
78691
78699
78709
78735
78738
78752
78777
78781
78791
78793
78795
78798
78803
78837
78838
78849
78883
78890
78893
78895
78918
78925
78966
78970
78971
78972
78979
78998
79000
79002
79002
79026
79027
79036
79046
79070
79072
79088
79089
79120
79122
79123
79125
79145
79148
79162
79175
79177
79182
79195
79198
79198
79216
79220
79222
79236
79239
79245
79246
79246
79257
79258
79258
79271
79279
79283
79306
79313
79317
79322
79326
79363
79368
79368
79383
79393
79406
79408
79435
79443
79509
79519
79533
79534
79542
79549
79558
79572
79580
79595
79617
79623
79625
79628
79628
79630
79633
79654
79670
79673
79679
79714
79724
79729
79743
79754
79762
79764
79795
79805
79813
79821
79821
79826
79830
79832
79835
79837
79851
79854
79875
79882
79887
79894
79899
79900
79904
79911
79919
79947
79956
79960
79977
79978
79989
80030
80038
80047
80053
80091
80097
80101
80102
80103
80111
80136
80167
80171
80177
80177
80179
80183
80193
80230
80233
80275
80299
80313
80317
80325
80333
80334
80348
80349
80350
80352
80358
80385
80390
80413
80436
80458
80493
80494
80506
80511
80516
80523
80524
80529
80557
80566
80584
80589
80591
80593
80610
80611
80612
80613
80633
80634
80636
80639
80648
80655
80656
80678
80680
80729
80731
80732
80742
80750
80755
80769
80782
80787
80800
80818
80827
80829
80830
80833
80838
80849
80872
80900
80909
80909
80920
80941
80950
80952
80980
80980
80992
80993
81038
81057
81058
81065
81066
81092
81096
81098
81111
81124
81127
81128
81154
81186
81189
81193
81195
81195
81197
81199
81202
81209
81218
81219
81228
81254
81255
81272
81274
81307
81307
81308
81314
81327
81329
81331
81342
81354
81357
81376
81382
81382
81383
81416
81429
81431
81447
81451
81464
81464
81465
81466
81475
81478
81494
81497
81519
81535
81545
81550
81551
81553
81571
81571
81573
81575
81579
81580
81582
81583
81583
81596
81597
81606
81617
81618
81663
81666
81692
81717
81728
81745
81762
81766
81775
81798
81799
81814
81837
81841
81848
81850
81854
81873
81882
81894
81895
81913
81920
81923
81945
81966
81975
81992
81999
82010
82011
82020
82024
82033
82044
82053
82055
82059
82060
82070
82079
82090
82100
82134
82142
82142
82151
82165
82167
82170
82173
82179
82180
82180
82180
82197
82198
82200
82205
82206
82210
82215
82244
82245
82267
82267
82296
82296
82298
82299
82305
82309
82310
82311
82314
82322
82348
82398
82410
82427
82441
82443
82454
82477
82480
82496
82516
82522
82523
82540
82555
82560
82572
82580
82581
82586
82590
82605
82605
82615
82615
82616
82620
82623
82654
82667
82684
82684
82685
82707
82711
82713
82718
82720
82730
82750
82780
82786
82786
82795
82797
82832
82835
82901
82906
82907
82912
82932
82951
82979
82993
83000
83005
83013
83014
83035
83036
83036
83036
83039
83057
83063
83094
83104
83114
83119
83151
83152
83154
83156
83156
83163
83170
83177
83186
83213
83214
83223
83230
83235
83244
83246
83251
83257
83275
83297
83300
83305
83335
83335
83344
83350
83398
83402
83402
83426
83435
83454
83474
83486
83487
83510
83525
83528
83537
83542
83547
83550
83557
83570
83574
83588
83595
83608
83609
83638
83648
83654
83688
83695
83708
83713
83714
83725
83739
83746
83751
83763
83770
83773
83780
83798
83809
83820
83826
83836
83848
83853
83877
83887
83903
83910
83910
83917
83934
83935
83951
83960
83962
83968
83981
83984
83986
83996
84017
84024
84034
84042
84044
84048
84049
84051
84069
84074
84100
84102
84110
84111
84114
84129
84151
84155
84155
84160
84191
84193
84205
84207
84210
84212
84213
84218
84226
84226
84235
84238
84245
84247
84248
84251
84265
84266
84267
84269
84290
84293
84299
84300
84341
84347
84347
84348
84397
84399
84405
84418
84422
84463
84466
84486
84515
84544
84550
84580
84581
84599
84624
84640
84657
84660
84666
84669
84673
84676
84693
84698
84704
84712
84715
84716
84724
84734
84744
84750
84767
84773
84780
84791
84811
84831
84834
84845
84846
84871
84876
84877
84881
84921
84960
84974
84978
84985
84996
85002
85004
85055
85083
85084
85121
85150
85156
85167
85194
85194
85205
85210
85215
85216
85236
85276
85303
85308
85315
85328
85357
85364
85370
85372
85380
85383
85384
85393
85394
85397
85408
85426
85435
85464
85490
85491
85523
85525
85526
85546
85553
85558
85562
85574
85592
85599
85600
85603
85603
85621
85625
85635
85636
85647
85653
85658
85668
85679
85680
85685
85694
85726
85727
85732
85743
85744
85773
85792
85822
85833
85873
85878
85900
85912
85917
85965
85967
85968
85970
85974
85994
85995
86001
86003
86012
86019
86034
86056
86056
86064
86071
86082
86083
86095
86095
86096
86104
86109
86130
86139
86142
86143
86144
86181
86186
86197
86211
86214
86262
86275
86277
86293
86294
86326
86332
86339
86344
86354
86357
86361
86365
86396
86404
86435
86447
86452
86455
86466
86490
86496
86504
86510
86518
86522
86530
86555
86566
86587
86588
86590
86591
86597
86602
86653
86659
86660
86671
86697
86700
86709
86713
86743
86757
86787
86812
86816
86823
86832
86851
86853
86873
86874
86884
86898
86903
86926
86957
86982
87003
87023
87031
87050
87059
87061
87074
87086
87096
87106
87111
87117
87124
87140
87149
87159
87167
87196
87197
87199
87208
87216
87225
87249
87251
87263
87264
87267
87272
87284
87291
87296
87297
87299
87305
87309
87313
87319
87323
87332
87335
87346
87353
87370
87370
87373
87374
87380
87389
87405
87405
87431
87451
87453
87472
87500
87504
87511
87511
87541
87545
87555
87563
87563
87563
87578
87591
87605
87650
87653
87656
87669
87674
87694
87699
87714
87716
87731
87736
87746
87759
87760
87760
87761
87786
87818
87825
87829
87830
87835
87847
87861
87873
87903
87904
87905
87914
87946
87948
87953
87979
87982
87999
88001
88013
88029
88029
88030
88033
88055
88092
88100
88107
88113
88127
88144
88171
88182
88189
88196
88202
88226
88229
88249
88268
88275
88280
88281
88285
88319
88324
88346
88408
88412
88430
88437
88441
88455
88458
88476
88481
88498
88524
88525
88527
88539
88552
88557
88572
88576
88588
88589
88596
88597
88600
88626
88638
88649
88653
88659
88662
88674
88676
88689
88699
88707
88712
88717
88735
88735
88741
88749
88772
88774
88784
88786
88801
88804
88822
88824
88824
88831
88860
88861
88887
88893
88900
88906
88907
88915
88924
88928
88928
88930
88937
88946
88949
88957
88979
88991
89016
89021
89030
89030
89044
89045
89048
89053
89098
89105
89120
89123
89131
89137
89156
89158
89171
89182
89184
89191
89192
89200
89218
89220
89231
89250
89264
89265
89312
89328
89330
89389
89395
89411
89413
89414
89415
89416
89422
89427
89438
89442
89443
89461
89486
89488
89488
89502
89506
89518
89553
89553
89553
89559
89568
89574
89588
89588
89598
89608
89613
89644
89660
89663
89672
89676
89676
89676
89682
89683
89722
89733
89736
89740
89748
89769
89779
89791
89801
89807
89807
89815
89817
89821
89831
89832
89844
89888
89900
89902
89909
89919
89961
89964
89966
89989
89991
89991
90008
90024
90033
90035
90059
90059
90064
90106
90106
90118
90123
90124
90125
90126
90130
90133
90137
90146
90191
90196
90197
90199
90211
90228
90239
90249
90287
90298
90302
90319
90347
90349
90353
90361
90364
90366
90378
90380
90382
90393
90407
90408
90420
90424
90432
90451
90463
90474
90475
90478
90489
90504
90504
90527
90545
90546
90562
90573
90575
90576
90586
90595
90598
90600
90613
90625
90654
90659
90675
90678
90691
90692
90700
90709
90730
90731
90731
90756
90758
90778
90780
90783
90789
90824
90828
90871
90874
90880
90886
90894
90916
90919
90934
90937
90949
90951
90953
90954
90966
90978
90981
90997
91009
91018
91018
91048
91048
91050
91057
91065
91078
91082
91095
91096
91108
91130
91131
91132
91132
91150
91155
91176
91179
91202
91250
91252
91268
91272
91282
91291
91292
91298
91307
91312
91316
91320
91326
91333
91352
91371
91391
91394
91396
91399
91422
91423
91426
91428
91431
91435
91439
91440
91449
91466
91467
91468
91473
91479
91490
91509
91514
91522
91531
91549
91556
91563
91577
91582
91596
91607
91613
91627
91638
91670
91671
91690
91690
91696
91699
91708
91711
91718
91728
91732
91744
91758
91759
91762
91763
91769
91785
91795
91814
91824
91833
91856
91909
91913
91920
91931
91939
91940
91942
91946
91946
91975
91993
91996
91999
92004
92017
92022
92027
92046
92059
92061
92070
92076
92079
92096
92104
92110
92139
92175
92192
92200
92202
92227
92229
92240
92241
92246
92265
92298
92307
92320
92320
92328
92329
92357
92373
92374
92385
92399
92431
92442
92448
92459
92467
92473
92484
92486
92487
92497
92503
92507
92514
92517
92520
92542
92546
92548
92585
92588
92597
92599
92623
92645
92646
92646
92650
92660
92664
92665
92677
92694
92721
92721
92724
92725
92734
92738
92739
92744
92759
92789
92793
92796
92839
92848
92861
92885
92909
92910
92916
92937
92939
92943
92944
92971
92978
92989
93005
93028
93036
93036
93068
93087
93090
93095
93100
93111
93140
93141
93175
93185
93189
93191
93191
93203
93211
93211
93214
93235
93257
93274
93278
93314
93328
93336
93339
93375
93415
93415
93418
93431
93436
93439
93440
93443
93446
93452
93460
93464
93469
93492
93494
93496
93512
93515
93520
93522
93527
93531
93531
93533
93548
93564
93582
93596
93600
93601
93613
93617
93621
93626
93627
93646
93650
93660
93661
93665
93678
93692
93699
93701
93709
93717
93718
93729
93729
93772
93775
93776
93788
93800
93803
93814
93817
93819
93822
93869
93874
93893
93913
93917
93921
93924
93940
93945
93958
93967
93980
93984
93990
93990
94000
94019
94029
94030
94030
94042
94102
94111
94118
94119
94152
94155
94157
94223
94227
94229
94230
94233
94237
94245
94258
94269
94271
94279
94287
94293
94307
94310
94313
94325
94338
94342
94358
94358
94371
94379
94405
94407
94426
94469
94475
94492
94506
94518
94529
94550
94559
94570
94603
94612
94617
94634
94639
94641
94654
94655
94670
94691
94695
94702
94712
94713
94718
94723
94724
94738
94767
94774
94776
94779
94782
94788
94805
94837
94838
94845
94846
94855
94866
94878
94889
94890
94914
94923
94943
94962
94966
94987
94990
95001
95030
95034
95039
95045
95046
95058
95071
95078
95078
95084
95095
95105
95116
95116
95118
95118
95135
95151
95157
95162
95176
95193
95206
95206
95218
95222
95228
95271
95271
95278
95282
95282
95296
95302
95312
95315
95357
95364
95372
95374
95374
95390
95399
95404
95406
95408
95413
95422
95430
95451
95470
95479
95494
95505
95512
95539
95551
95555
95560
95576
95591
95594
95598
95599
95613
95617
95628
95628
95632
95653
95699
95703
95713
95719
95720
95723
95734
95757
95764
95805
95809
95821
95843
95853
95855
95856
95863
95866
95870
95877
95880
95891
95906
95907
95947
95952
95977
95988
96020
96021
96025
96035
96038
96046
96062
96063
96064
96076
96090
96094
96095
96098
96110
96119
96123
96125
96125
96135
96138
96150
96156
96166
96168
96200
96206
96226
96233
96254
96269
96270
96273
96274
96286
96289
96289
96291
96292
96319
96333
96338
96356
96359
96361
96373
96377
96379
96384
96402
96406
96409
96410
96411
96418
96426
96445
96455
96464
96472
96475
96483
96490
96491
96504
96523
96525
96529
96530
96544
96557
96574
96582
96600
96627
96630
96636
96653
96659
96673
96688
96694
96722
96726
96729
96740
96751
96762
96765
96768
96778
96783
96787
96790
96797
96811
96820
96849
96862
96864
96868
96879
96890
96893
96902
96911
96921
96941
96942
96952
96966
96967
96992
96999
97000
97003
97012
97039
97057
97082
97083
97107
97108
97124
97141
97146
97158
97187
97190
97190
97191
97198
97210
97241
97249
97271
97294
97298
97310
97312
97327
97330
97342
97349
97351
97370
97373
97395
97406
97419
97424
97424
97429
97435
97437
97462
97464
97491
97506
97518
97522
97523
97528
97534
97545
97548
97549
97552
97553
97553
97583
97592
97599
97630
97665
97667
97696
97699
97731
97746
97767
97773
97776
97777
97782
97794
97798
97802
97808
97812
97845
97866
97875
97882
97886
97892
97907
97910
97916
97918
97921
97925
97941
97954
97955
97955
97959
97961
97970
97974
97988
97995
97997
98011
98015
98041
98044
98062
98078
98081
98093
98099
98102
98124
98130
98144
98145
98149
98152
98159
98163
98170
98173
98190
98192
98203
98225
98233
98236
98265
98283
98290
98301
98308
98308
98319
98319
98321
98337
98340
98364
98365
98368
98381
98394
98396
98427
98431
98433
98438
98438
98440
98442
98461
98467
98486
98498
98498
98507
98518
98520
98545
98550
98553
98565
98567
98567
98577
98587
98594
98596
98629
98634
98640
98648
98672
98684
98690
98699
98705
98708
98726
98744
98751
98755
98761
98763
98779
98782
98782
98784
98793
98817
98829
98829
98830
98851
98867
98868
98871
98911
98917
98921
98937
98937
98956
98963
98965
98990
98998
99013
99017
99023
99039
99046
99063
99065
99066
99080
99089
99089
99095
99109
99118
99128
99143
99158
99167
99167
99188
99195
99242
99258
99264
99265
99277
99278
99295
99296
99301
99306
99307
99308
99328
99347
99362
99365
99374
99388
99414
99426
99428
99494
99503
99524
99558
99561
99570
99573
99579
99593
99597
99600
99632
99632
99633
99640
99652
99661
99675
99695
99701
99729
99730
99737
99744
99752
99754
99758
99758
99759
99773
99776
99777
99781
99806
99852
99874
99883
99898
99910
99920
99921
99929
99955
99956
99957
99966
99968
99976
99994
