19
30
37
47
88
94
94
108
122
129
175
180
196
308
311
315
367
405
409
429
441
488
493
507
639
644
677
680
701
708
712
726
727
759
809
831
840
897
925
940
950
957
957
963
979
987
998
1026
1050
1086
1097
1115
1130
1158
1180
1181
1254
1260
1270
1318
1364
1437
1447
1450
1490
1492
1502
1529
1539
1541
1546
1586
1595
1683
1780
1839
1841
1861
1880
1907
1951
1961
2014
2039
2068
2087
2107
2125
2135
2168
2179
2180
2187
2227
2230
2244
2254
2257
2266
2354
2361
2397
2410
2411
2430
2434
2452
2456
2469
2483
2513
2522
2558
2565
2579
2675
2715
2720
2728
2761
2802
2806
2813
2821
2822
2829
2835
2843
2849
2867
2875
2886
2892
2896
2921
2929
2958
3024
3025
3060
3068
3077
3080
3100
3140
3198
3214
3224
3251
3297
3314
3314
3320
3335
3349
3353
3357
3360
3401
3407
3407
3409
3445
3489
3492
3494
3500
3510
3527
3618
3618
3673
3718
3750
3757
3782
3927
3994
4009
4018
4024
4057
4100
4116
4129
4135
4158
4209
4226
4235
4238
4248
4255
4273
4285
4295
4315
4358
4381
4432
4449
4452
4471
4473
4506
4516
4521
4540
4559
4582
4598
4628
4680
4688
4707
4752
4797
4804
4819
4878
4882
4903
4906
4947
4969
5006
5059
5067
5086
5088
5112
5150
5174
5221
5254
5267
5270
5322
5385
5388
5406
5412
5415
5435
5444
5458
5460
5468
5513
5531
5545
5549
5565
5576
5598
5618
5620
5626
5642
5653
5654
5677
5733
5737
5746
5780
5874
5880
5909
5909
5910
5911
5953
5985
6030
6037
6065
6103
6107
6110
6132
6172
6176
6200
6217
6261
6264
6270
6274
6289
6305
6317
6327
6331
6348
6371
6437
6494
6505
6511
6526
6556
6641
6647
6678
6688
6695
6743
6770
6776
6791
6800
6845
6847
6872
6894
6900
6941
6950
6961
6962
6966
7019
7079
7086
7090
7106
7163
7179
7206
7216
7242
7260
7273
7290
7308
7309
7314
7324
7328
7328
7343
7349
7351
7362
7370
7374
7407
7443
7458
7479
7488
7531
7533
7615
7662
7666
7685
7696
7723
7794
7803
7827
7857
7859
7909
7917
7927
7947
7975
7998
7999
8061
8064
8082
8088
8116
8126
8142
8163
8165
8199
8258
8260
8281
8286
8297
8311
8329
8330
8342
8349
8378
8404
8412
8416
8424
8449
8456
8460
8464
8491
8544
8549
8553
8622
8641
8699
8711
8718
8737
8745
8752
8755
8773
8777
8810
8831
8845
8857
8892
8921
8941
8947
8948
8966
8971
9004
9007
9008
9012
9028
9039
9051
9062
9066
9069
9077
9079
9100
9102
9130
9172
9179
9226
9253
9262
9269
9277
9282
9311
9338
9366
9384
9418
9454
9507
9508
9513
9566
9574
9628
9667
9751
9757
9759
9786
9790
9790
9807
9815
9828
9852
9863
9882
9922
9935
9965
9967
10004
10160
10166
10174
10216
10233
10250
10329
10330
10362
10378
10382
10447
10490
10536
10543
10576
10587
10598
10618
10624
10697
10698
10763
10781
10798
10805
10876
10902
10911
10919
10936
10942
10954
10960
10985
11015
11016
11023
11049
11051
11071
11088
11091
11092
11103
11104
11108
11116
11121
11155
11196
11212
11226
11232
11237
11257
11261
11266
11311
11316
11375
11376
11381
11393
11426
11451
11463
11474
11486
11569
11583
11612
11648
11682
11718
11729
11742
11783
11784
11803
11810
11831
11832
11832
11834
11850
11862
11865
11873
11896
11903
11924
11930
11934
11965
12015
12036
12052
12052
12060
12106
12130
12136
12145
12173
12210
12212
12219
12227
12245
12257
12271
12288
12291
12356
12402
12412
12451
12459
12512
12537
12563
12573
12622
12638
12661
12706
12749
12833
12834
12844
12879
12898
12907
12962
12981
13012
13037
13043
13049
13089
13091
13096
13148
13219
13275
13281
13306
13380
13391
13398
13405
13437
13441
13447
13496
13551
13591
13634
13665
13668
13694
13715
13720
13726
13727
13743
13745
13753
13803
13814
13838
13848
13908
13911
13924
13987
14007
14055
14062
14070
14090
14090
14126
14154
14182
14194
14235
14260
14282
14317
14338
14340
14351
14376
14391
14422
14500
14512
14520
14523
14574
14582
14645
14661
14679
14702
14744
14755
14755
14789
14800
14830
14890
14939
14942
14952
14959
14984
14989
15010
15015
15027
15049
15061
15073
15083
15093
15094
15129
15153
15188
15202
15228
15260
15269
15272
15333
15344
15354
15370
15456
15457
15463
15465
15474
15498
15499
15523
15540
15545
15563
15595
15605
15655
15663
15664
15701
15711
15721
15725
15732
15759
15772
15791
15805
15806
15825
15840
15848
15864
15876
15909
15951
15975
15990
16029
16052
16057
16062
16067
16094
16140
16153
16176
16182
16198
16215
16222
16266
16271
16274
16275
16277
16278
16299
16302
16336
16339
16340
16374
16387
16417
16449
16493
16498
16505
16514
16520
16532
16532
16564
16565
16569
16576
16590
16600
16622
16696
16741
16748
16757
16765
16770
16801
16806
16807
16863
16863
16865
16881
16914
16933
16987
16997
17068
17070
17083
17101
17119
17125
17161
17176
17243
17291
17294
17312
17318
17331
17356
17360
17380
17390
17434
17464
17465
17490
17518
17519
17586
17589
17589
17606
17614
17633
17635
17654
17660
17667
17725
17751
17762
17777
17837
17842
17877
17882
17882
17885
17921
17930
17951
17989
18003
18027
18052
18055
18097
18100
18168
18190
18216
18252
18268
18289
18330
18356
18361
18382
18404
18451
18453
18481
18527
18546
18596
18611
18655
18659
18666
18699
18714
18766
18815
18869
18875
18880
18882
18889
18891
18929
18974
19036
19062
19063
19120
19162
19206
19216
19238
19253
19301
19351
19360
19370
19375
19385
19410
19414
19450
19467
19491
19530
19563
19568
19582
19602
19608
19651
19652
19652
19658
19665
19666
19675
19700
19713
19741
19750
19774
19785
19792
19798
19816
19826
19838
19860
19874
19898
19928
19935
19968
20005
20033
20051
20087
20096
20100
20103
20115
20130
20148
20166
20198
20228
20229
20237
20238
20267
20270
20271
20271
20278
20287
20308
20309
20312
20314
20322
20342
20368
20393
20414
20432
20441
20445
20473
20476
20476
20496
20577
20623
20635
20677
20681
20711
20711
20739
20748
20768
20769
20845
20848
20867
20884
20888
20899
20937
20938
20983
20984
21015
21046
21068
21075
21079
21116
21118
21120
21146
21169
21176
21251
21256
21260
21272
21299
21329
21334
21355
21373
21379
21420
21440
21469
21482
21488
21501
21521
21584
21599
21605
21611
21625
21636
21648
21672
21732
21744
21776
21810
21814
21849
21853
21917
21951
21955
21983
22035
22092
22132
22185
22199
22235
22243
22260
22308
22314
22319
22326
22328
22330
22330
22389
22390
22400
22434
22453
22483
22502
22531
22533
22540
22606
22614
22629
22638
22682
22696
22706
22712
22763
22810
22810
22840
22865
22869
22874
22897
22897
22915
22983
22992
23009
23020
23033
23033
23039
23050
23071
23123
23140
23143
23144
23148
23172
23172
23180
23182
23192
23240
23255
23258
23267
23296
23315
23349
23370
23375
23398
23439
23465
23524
23559
23579
23583
23606
23614
23637
23656
23681
23688
23689
23699
23733
23737
23777
23787
23803
23817
23853
23865
23870
23889
23895
23921
23925
23969
23972
23979
23985
23993
24024
24025
24046
24069
24079
24103
24110
24137
24160
24165
24202
24211
24242
24261
24264
24293
24297
24307
24310
24321
24327
24344
24353
24423
24438
24509
24513
24528
24529
24564
24565
24573
24606
24623
24664
24728
24734
24749
24761
24764
24764
24776
24782
24836
24856
24858
24889
24893
24896
24920
25024
25033
25035
25042
25053
25070
25141
25152
25160
25218
25223
25235
25283
25290
25300
25331
25348
25367
25370
25434
25450
25456
25478
25485
25506
25540
25561
25574
25634
25639
25647
25648
25650
25655
25659
25713
25731
25736
25739
25746
25747
25749
25752
25752
25769
25769
25769
25789
25791
25800
25810
25815
25830
25861
25896
25907
25908
25926
25946
25961
25971
25982
25982
25984
26029
26045
26054
26074
26093
26097
26104
26136
26176
26282
26303
26314
26315
26336
26344
26344
26352
26382
26390
26398
26408
26419
26450
26534
26568
26575
26576
26615
26628
26641
26672
26693
26707
26723
26734
26742
26743
26783
26791
26831
26847
26867
26871
26881
26910
26930
26932
26947
26950
27019
27041
27072
27092
27096
27110
27116
27127
27139
27145
27145
27152
27163
27167
27174
27189
27191
27199
27297
27322
27332
27390
27410
27410
27424
27430
27440
27453
27455
27505
27525
27537
27541
27551
27560
27566
27582
27583
27598
27614
27620
27631
27647
27654
27656
27659
27667
27689
27704
27744
27776
27781
27794
27797
27808
27825
27840
27855
27866
27886
27888
27961
27983
27988
27989
28038
28045
28049
28066
28089
28129
28161
28219
28258
28267
28273
28274
28277
28306
28307
28309
28322
28329
28342
28354
28390
28400
28428
28486
28508
28515
28534
28536
28540
28544
28550
28560
28602
28605
28622
28622
28644
28644
28652
28670
28709
28720
28734
28734
28763
28765
28767
28797
28801
28801
28816
28818
28825
28847
28871
28933
28938
28952
29016
29085
29088
29101
29125
29126
29138
29147
29148
29153
29164
29176
29206
29221
29265
29328
29333
29355
29375
29375
29411
29415
29452
29454
29466
29510
29556
29594
29613
29619
29629
29647
29655
29668
29677
29680
29749
29754
29762
29766
29774
29781
29806
29825
29859
29882
29903
29923
29934
29942
29971
29981
29982
29988
30014
30028
30055
30070
30092
30130
30136
30141
30156
30183
30223
30246
30272
30310
30312
30314
30328
30328
30332
30340
30371
30405
30451
30493
30557
30582
30593
30594
30597
30604
30613
30720
30721
30721
30733
30759
30769
30770
30778
30784
30799
30810
30842
30897
30944
30947
30963
30966
30996
31002
31004
31008
31039
31082
31107
31119
31126
31141
31174
31206
31246
31281
31287
31307
31311
31344
31348
31349
31349
31353
31366
31376
31383
31391
31394
31417
31432
31442
31446
31464
31470
31501
31520
31524
31536
31562
31567
31601
31618
31630
31667
31677
31696
31747
31762
31777
31794
31809
31845
31866
31894
31906
31986
32007
32037
32064
32066
32095
32209
32262
32288
32288
32289
32291
32291
32299
32320
32330
32357
32359
32464
32465
32466
32565
32565
32570
32573
32593
32598
32644
32660
32663
32686
32687
32693
32728
32733
32740
32765
32800
32815
32824
32855
32864
32902
32915
32921
32934
32955
32972
33047
33061
33069
33074
33080
33097
33170
33185
33191
33193
33204
33264
33290
33293
33373
33434
33460
33478
33497
33513
33535
33538
33600
33614
33627
33635
33649
33653
33689
33699
33701
33711
33713
33729
33731
33737
33753
33802
33811
33861
33911
33917
33973
33986
34002
34052
34099
34120
34137
34140
34142
34154
34156
34180
34186
34196
34228
34229
34239
34272
34280
34290
34295
34354
34382
34389
34399
34404
34404
34406
34451
34456
34501
34555
34570
34584
34593
34643
34644
34654
34655
34660
34751
34763
34781
34786
34794
34844
34868
34874
34876
34887
34894
34917
34934
34947
34963
34979
35039
35044
35045
35074
35097
35112
35143
35151
35153
35154
35157
35164
35195
35251
35259
35282
35297
35333
35339
35391
35393
35431
35451
35491
35538
35544
35557
35567
35572
35580
35614
35619
35628
35646
35689
35694
35695
35695
35701
35713
35735
35747
35751
35766
35791
35860
35916
35916
35927
35965
35970
35984
36011
36041
36061
36065
36070
36077
36087
36136
36143
36146
36152
36170
36229
36308
36328
36362
36366
36373
36413
36415
36425
36471
36483
36489
36517
36517
36520
36520
36521
36538
36605
36606
36668
36693
36704
36726
36740
36742
36748
36755
36777
36788
36789
36855
36865
36873
36873
36874
36883
36897
36897
36947
36957
37004
37007
37025
37025
37039
37044
37051
37065
37102
37148
37154
37155
37191
37198
37213
37222
37280
37294
37300
37340
37372
37382
37411
37412
37461
37475
37481
37490
37505
37505
37515
37519
37538
37556
37575
37619
37623
37652
37652
37653
37667
37698
37710
37715
37719
37734
37737
37772
37779
37815
37912
37926
37961
38004
38038
38061
38067
38067
38072
38095
38101
38143
38153
38161
38190
38195
38231
38248
38272
38330
38338
38373
38380
38389
38492
38498
38503
38614
38654
38680
38687
38708
38714
38726
38733
38747
38763
38767
38776
38786
38791
38803
38808
38828
38832
38837
38902
38910
38927
38931
38938
38968
38975
38977
38983
38987
38996
39017
39029
39066
39076
39079
39079
39079
39081
39083
39085
39129
39145
39166
39167
39171
39212
39242
39256
39277
39331
39362
39375
39408
39426
39479
39485
39501
39505
39573
39575
39588
39628
39659
39678
39691
39701
39735
39750
39757
39863
39874
39937
39960
39966
39972
39978
39985
40005
40012
40032
40034
40061
40080
40139
40212
40214
40239
40278
40302
40312
40318
40342
40355
40405
40405
40427
40466
40478
40514
40521
40538
40548
40550
40585
40586
40610
40611
40611
40646
40669
40679
40690
40694
40705
40717
40718
40804
40837
40869
40880
40913
40928
40939
40941
40957
41015
41023
41037
41065
41069
41099
41117
41121
41126
41136
41147
41179
41185
41189
41205
41207
41208
41208
41212
41216
41273
41277
41285
41326
41350
41386
41386
41391
41412
41430
41459
41462
41484
41493
41528
41553
41563
41608
41647
41662
41677
41693
41734
41792
41805
41806
41830
41837
41870
41889
41895
42002
42009
42072
42096
42117
42179
42184
42206
42209
42228
42234
42266
42276
42288
42291
42301
42309
42323
42358
42367
42372
42403
42406
42412
42420
42480
42493
42548
42549
42556
42559
42608
42608
42668
42671
42714
42785
42812
42831
42861
42867
42931
42934
42937
42958
42975
42986
42999
43030
43080
43092
43095
43100
43141
43147
43151
43156
43185
43223
43251
43312
43316
43321
43323
43342
43348
43375
43405
43410
43416
43442
43452
43459
43474
43494
43507
43530
43535
43537
43592
43633
43644
43663
43680
43683
43685
43696
43701
43718
43789
43795
43820
43927
43974
43995
43997
44016
44023
44035
44035
44055
44057
44063
44099
44131
44133
44167
44172
44189
44193
44202
44222
44240
44273
44282
44301
44320
44341
44453
44477
44515
44550
44553
44603
44614
44628
44633
44639
44647
44652
44690
44699
44705
44706
44726
44742
44744
44779
44782
44783
44805
44806
44871
44904
44917
44939
44950
45016
45038
45057
45069
45096
45099
45105
45127
45129
45132
45160
45178
45243
45252
45264
45344
45357
45369
45413
45464
45476
45498
45505
45525
45526
45545
45551
45588
45608
45615
45677
45683
45705
45718
45733
45733
45764
45781
45798
45853
45876
45897
45991
46062
46088
46104
46115
46123
46124
46172
46183
46226
46303
46317
46331
46332
46340
46387
46391
46403
46450
46492
46497
46501
46524
46536
46599
46605
46612
46614
46633
46652
46658
46660
46663
46667
46674
46689
46708
46721
46785
46788
46807
46814
46892
46928
46929
46933
46961
46963
46966
46979
46987
47046
47073
47148
47177
47185
47217
47260
47270
47291
47296
47320
47393
47398
47418
47433
47451
47500
47533
47560
47569
47569
47609
47626
47632
47633
47684
47723
47726
47765
47765
47773
47774
47797
47811
47817
47844
47870
47875
47876
47935
47948
47952
47975
47995
48010
48012
48069
48069
48100
48102
48105
48129
48201
48236
48281
48297
48349
48414
48419
48462
48514
48547
48572
48576
48662
48668
48678
48687
48716
48729
48754
48769
48790
48792
48793
48795
48835
48836
48847
48848
48867
48910
48964
48966
48996
48997
49013
49014
49056
49125
49148
49153
49250
49291
49302
49320
49323
49373
49375
49424
49451
49486
49490
49496
49511
49527
49564
49599
49629
49633
49655
49686
49694
49709
49713
49728
49737
49762
49794
49802
49819
49824
49825
49832
49846
49848
49854
49867
49895
49913
49929
49931
49936
49972
50016
50040
50097
50103
50104
50115
50156
50159
50176
50217
50256
50276
50302
50321
50361
50372
50377
50442
50457
50479
50482
50497
50520
50568
50637
50652
50671
50694
50697
50719
50774
50808
50830
50839
50843
50882
50883
50893
50911
50919
50929
50948
50971
50973
50973
51009
51020
51049
51060
51073
51080
51151
51167
51187
51241
51256
51276
51315
51328
51336
51337
51340
51352
51353
51373
51392
51408
51467
51505
51580
51601
51633
51648
51654
51655
51697
51705
51714
51752
51852
51879
51902
51937
51944
51957
51959
52011
52030
52031
52032
52043
52075
52093
52129
52131
52132
52137
52143
52197
52208
52208
52214
52225
52231
52252
52264
52273
52333
52343
52353
52366
52380
52400
52408
52412
52419
52431
52440
52506
52526
52574
52582
52610
52688
52729
52730
52763
52823
52831
52886
52932
52971
52998
53003
53018
53119
53146
53172
53204
53205
53225
53238
53243
53266
53270
53278
53298
53308
53361
53389
53448
53459
53462
53462
53487
53500
53531
53532
53543
53574
53584
53659
53671
53690
53719
53727
53736
53773
53780
53803
53813
53845
53867
53877
53908
53913
53924
53930
53942
53960
53965
53971
54046
54067
54068
54080
54094
54138
54159
54166
54186
54209
54215
54217
54231
54245
54266
54304
54339
54345
54349
54362
54376
54405
54418
54447
54460
54476
54486
54491
54504
54511
54515
54515
54532
54543
54602
54604
54615
54624
54634
54643
54705
54754
54776
54790
54827
54862
54884
54916
54919
54926
54929
54929
54940
55028
55031
55031
55046
55049
55082
55087
55094
55095
55127
55141
55149
55166
55184
55204
55221
55227
55242
55247
55249
55255
55257
55274
55277
55288
55302
55316
55326
55355
55363
55388
55391
55403
55410
55438
55445
55487
55492
55499
55508
55516
55574
55591
55614
55622
55644
55655
55655
55663
55670
55676
55682
55692
55703
55716
55737
55756
55775
55780
55785
55820
55827
55841
55905
55931
55942
55990
56038
56046
56049
56053
56072
56077
56086
56100
56113
56114
56134
56135
56198
56224
56224
56230
56251
56254
56296
56300
56304
56339
56348
56354
56376
56406
56406
56461
56469
56487
56510
56532
56532
56575
56652
56692
56703
56708
56718
56786
56803
56811
56832
56844
56889
56910
56911
56930
56942
56948
56967
56990
57003
57017
57041
57085
57116
57181
57182
57210
57234
57250
57261
57302
57318
57322
57365
57373
57404
57417
57441
57445
57451
57462
57479
57486
57488
57499
57521
57527
57562
57565
57572
57589
57622
57625
57714
57727
57751
57781
57785
57812
57893
57904
57919
57932
57937
57940
57970
57974
57983
57986
58014
58034
58035
58132
58137
58174
58184
58196
58203
58227
58268
58289
58293
58320
58338
58350
58353
58392
58438
58446
58480
58552
58596
58644
58648
58652
58681
58686
58703
58735
58741
58760
58775
58781
58796
58820
58831
58837
58860
58888
58942
58959
58964
58991
59003
59060
59067
59107
59156
59176
59216
59223
59239
59264
59282
59317
59372
59375
59377
59393
59419
59432
59468
59470
59493
59498
59508
59528
59603
59614
59660
59672
59696
59706
59742
59745
59790
59794
59843
59858
59875
59885
59886
59927
59932
59938
59994
59995
60025
60040
60055
60093
60095
60104
60162
60169
60170
60219
60225
60257
60263
60275
60288
60298
60344
60346
60380
60393
60394
60395
60416
60464
60479
60482
60483
60526
60540
60541
60573
60588
60629
60637
60664
60701
60714
60723
60730
60742
60754
60764
60778
60778
60800
60816
60818
60824
60880
60888
60905
60919
60922
60937
60942
61018
61072
61090
61118
61120
61126
61128
61157
61170
61183
61248
61272
61279
61313
61315
61319
61336
61344
61371
61413
61414
61418
61472
61482
61496
61621
61667
61682
61693
61747
61769
61769
61778
61863
61879
61880
61894
61904
61915
61928
61932
61947
61952
61972
61980
62030
62031
62046
62056
62076
62085
62086
62122
62136
62141
62152
62165
62252
62257
62279
62287
62324
62349
62363
62421
62439
62443
62481
62534
62536
62538
62554
62561
62583
62623
62625
62628
62638
62663
62673
62779
62835
62839
62858
62879
62885
62898
62922
62933
62944
62971
63021
63025
63033
63060
63080
63086
63107
63109
63144
63155
63222
63226
63301
63302
63322
63324
63336
63344
63360
63373
63386
63388
63393
63405
63420
63429
63443
63488
63489
63507
63543
63612
63622
63634
63659
63676
63677
63682
63682
63695
63703
63731
63733
63781
63865
63880
63928
63984
63992
63999
64039
64059
64077
64084
64114
64133
64157
64159
64174
64185
64236
64243
64265
64270
64305
64308
64380
64395
64398
64411
64414
64435
64451
64462
64494
64499
64526
64593
64632
64636
64638
64663
64665
64679
64691
64692
64693
64710
64736
64737
64755
64780
64798
64851
64898
64912
64949
64990
64998
65009
65049
65080
65085
65154
65161
65163
65168
65173
65181
65208
65251
65263
65301
65381
65384
65388
65398
65444
65461
65465
65475
65549
65560
65576
65589
65596
65614
65632
65712
65743
65747
65754
65757
65778
65786
65820
65835
65835
65858
65875
65924
65934
65967
65983
66033
66060
66078
66088
66093
66099
66101
66108
66153
66172
66201
66248
66249
66258
66268
66270
66293
66309
66333
66351
66353
66374
66391
66392
66432
66438
66448
66449
66462
66480
66483
66487
66500
66523
66551
66557
66573
66574
66590
66607
66608
66614
66615
66635
66677
66700
66705
66706
66727
66742
66749
66757
66760
66780
66784
66807
66850
66854
66866
66898
66911
66919
66927
66937
66944
66956
66963
66967
66981
67019
67040
67055
67057
67095
67142
67144
67164
67174
67186
67212
67226
67239
67239
67256
67267
67282
67321
67342
67345
67354
67358
67382
67488
67508
67523
67552
67580
67624
67669
67690
67716
67741
67747
67812
67831
67898
67899
67909
67913
67918
67942
67943
67946
67953
68003
68016
68048
68100
68103
68106
68116
68156
68181
68181
68208
68216
68234
68251
68259
68289
68330
68340
68370
68375
68378
68403
68443
68475
68487
68498
68528
68529
68543
68548
68582
68610
68618
68630
68637
68665
68666
68679
68687
68710
68747
68763
68764
68768
68791
68796
68831
68844
68852
68945
68950
68998
69012
69049
69071
69102
69106
69139
69170
69184
69186
69207
69273
69295
69302
69308
69317
69321
69355
69367
69413
69469
69489
69513
69517
69533
69561
69566
69631
69671
69683
69744
69786
69792
69814
69836
69904
69913
69913
69933
69957
69967
69972
70039
70054
70062
70071
70073
70102
70137
70139
70160
70166
70180
70190
70192
70196
70200
70221
70241
70272
70300
70301
70310
70317
70318
70336
70343
70366
70384
70385
70423
70445
70457
70458
70465
70497
70501
70504
70526
70531
70545
70556
70559
70577
70580
70588
70610
70629
70671
70689
70699
70726
70727
70743
70759
70813
70814
70826
70827
70851
70883
70935
70951
70965
70970
70977
71012
71017
71023
71037
71055
71070
71070
71076
71082
71103
71108
71148
71157
71165
71190
71193
71212
71222
71243
71250
71252
71269
71370
71394
71396
71443
71443
71452
71456
71464
71479
71519
71520
71536
71558
71610
71613
71626
71634
71653
71679
71691
71710
71713
71723
71761
71763
71796
71801
71841
71856
71873
71882
71893
71899
71926
71941
71948
71983
72016
72021
72023
72040
72090
72121
72136
72142
72149
72166
72208
72233
72271
72277
72312
72345
72348
72356
72375
72376
72386
72414
72419
72497
72525
72525
72541
72568
72593
72669
72693
72723
72723
72739
72745
72759
72768
72789
72818
72871
72879
72887
72901
72909
72942
72964
72981
73001
73001
73018
73038
73058
73061
73094
73095
73107
73118
73119
73127
73175
73219
73223
73232
73271
73291
73291
73295
73303
73331
73391
73417
73429
73438
73440
73441
73480
73492
73511
73516
73528
73536
73543
73578
73581
73588
73608
73619
73640
73655
73688
73710
73714
73717
73742
73781
73815
73871
73874
73883
73886
73888
73923
73940
73965
73980
74005
74014
74025
74059
74063
74086
74101
74134
74141
74145
74145
74173
74193
74205
74229
74241
74247
74248
74254
74270
74280
74290
74293
74309
74321
74366
74369
74401
74414
74420
74422
74472
74542
74548
74558
74558
74559
74563
74573
74581
74593
74594
74605
74614
74653
74675
74733
74740
74741
74752
74795
74797
74824
74893
74905
74917
74921
74951
74961
74971
74982
74990
74992
75001
75024
75045
75052
75090
75159
75163
75168
75195
75229
75231
75240
75263
75270
75292
75321
75324
75351
75377
75381
75391
75408
75411
75469
75477
75480
75484
75485
75538
75570
75582
75599
75604
75607
75612
75642
75690
75691
75694
75742
75751
75754
75766
75814
75831
75836
75847
75852
75860
75876
75897
75910
75922
75928
75999
76014
76078
76099
76108
76135
76141
76174
76194
76232
76248
76275
76314
76322
76337
76338
76342
76344
76358
76366
76390
76493
76503
76507
76509
76516
76548
76585
76634
76638
76676
76679
76702
76711
76733
76820
76853
76879
76889
76906
76913
76932
76941
76944
76945
76995
76997
77009
77011
77068
77085
77090
77098
77117
77228
77242
77272
77318
77322
77323
77334
77380
77384
77395
77398
77399
77429
77460
77498
77539
77541
77568
77598
77641
77652
77653
77709
77732
77742
77749
77755
77761
77835
77876
77892
77907
77916
77927
77957
77999
78002
78026
78064
78078
78087
78095
78108
78121
78135
78145
78153
78220
78243
78292
78307
78342
78357
78368
78370
78373
78380
78385
78395
78397
78419
78421
78443
78457
78458
78475
78480
78505
78523
78528
78545
78553
78566
78572
78581
78624
78671
78673
78673
78678
78681
78691
78699
78735
78738
78752
78777
78781
78791
78793
78795
78798
78803
78883
78890
78895
78971
78979
79000
79002
79026
79036
79122
79123
79125
79145
79162
79182
79198
79198
79216
79239
79245
79283
79313
79317
79326
79368
79383
79435
79509
79534
79549
79558
79595
79617
79625
79628
79670
79679
79724
79729
79743
79754
79764
79795
79813
79821
79821
79826
79835
79837
79854
79875
79882
79919
79989
80030
80038
80097
80102
80111
80167
80171
80177
80193
80230
80313
80333
80349
80358
80458
80506
80511
80523
80524
80557
80566
80584
80591
80611
80612
80613
80656
80729
80732
80769
80782
80787
80833
80838
80900
80909
80941
80950
80992
80993
81066
81092
81096
81128
81189
81193
81195
81197
81199
81202
81218
81254
81274
81307
81314
81342
81376
81383
81416
81466
81478
81497
81519
81535
81545
81550
81551
81553
81573
81575
81579
81580
81582
81583
81596
81597
81617
81618
81663
81666
81728
81745
81766
81798
81814
81841
81848
81850
81854
81895
81920
81966
81975
81992
82010
82011
82024
82055
82060
82079
82100
82134
82142
82151
82170
82197
82198
82210
82244
82267
82296
82296
82299
82309
82311
82314
82322
82443
82516
82522
82523
82540
82560
82572
82615
82615
82616
82654
82667
82684
82711
82720
82786
82795
82906
82907
82912
82932
82993
83013
83014
83036
83036
83057
83063
83104
83114
83151
83154
83156
83163
83170
83177
83186
83213
83257
83275
83297
83300
83305
83335
83344
83350
83398
83402
83426
83435
83474
83510
83525
83547
83557
83574
83588
83609
83638
83648
83688
83708
83714
83725
83739
83746
83763
83770
83773
83798
83809
83820
83826
83836
83848
83903
83917
83934
83935
83951
83960
83968
83984
84017
84034
84042
84049
84051
84069
84074
84110
84111
84114
84155
84191
84193
84210
84226
84235
84238
84247
84251
84265
84293
84299
84300
84341
84348
84399
84405
84422
84466
84486
84599
84660
84666
84669
84698
84704
84716
84750
84767
84791
84811
84845
84876
84877
84881
84960
84974
84978
85004
85055
85083
85084
85121
85156
85167
85205
85210
85303
85308
85328
85372
85383
85384
85397
85426
85435
85464
85491
85574
85600
85603
85621
85653
85658
85679
85694
85727
85732
85743
85744
85773
85878
85912
85917
85970
85994
86034
86064
86095
86096
86104
86130
86142
86144
86181
86186
86197
86211
86262
86275
86277
86294
86326
86332
86339
86344
86354
86361
86396
86404
86435
86455
86466
86504
86518
86530
86588
86590
86591
86602
86659
86660
86700
86853
86873
86874
86903
86926
86957
87003
87023
87031
87050
87061
87074
87086
87106
87111
87117
87124
87140
87149
87196
87197
87251
87263
87264
87299
87319
87332
87353
87370
87373
87374
87380
87389
87405
87431
87451
87453
87500
87511
87555
87563
87563
87578
87591
87605
87653
87656
87674
87694
87714
87731
87736
87746
87759
87760
87835
87847
87861
87873
87946
87948
87979
87982
88055
88100
88113
88127
88144
88196
88229
88249
88268
88275
88281
88285
88319
88324
88408
88437
88441
88455
88458
88476
88481
88498
88525
88527
88557
88572
88589
88600
88638
88649
88653
88659
88662
88674
88676
88735
88735
88772
88801
88822
88824
88861
88887
88900
88906
88915
88928
88928
88937
88946
88949
89021
89030
89044
89045
89048
89123
89137
89158
89171
89182
89191
89200
89250
89264
89265
89312
89328
89389
89395
89411
89415
89416
89422
89438
89443
89506
89568
89588
89588
89598
89663
89676
89676
89676
89683
89733
89736
89740
89769
89791
89815
89888
89909
89919
89964
89991
90008
90024
90033
90035
90059
90106
90118
90123
90124
90126
90191
90196
90199
90211
90302
90347
90353
90364
90366
90378
90407
90408
90420
90451
90463
90474
90478
90504
90527
90545
90562
90575
90576
90613
90675
90700
90731
90778
90783
90824
90871
90874
90880
90886
90916
90919
90934
90949
90953
90981
91009
91018
91048
91078
91082
91095
91108
91130
91132
91179
91202
91250
91268
91292
91298
91312
91326
91399
91422
91435
91439
91440
91468
91473
91563
91577
91582
91596
91607
91638
91670
91708
91718
91732
91758
91759
91762
91763
91769
91814
91833
91909
91913
91931
91940
91975
91993
91999
92004
92017
92027
92046
92070
92079
92104
92110
92175
92241
92246
92307
92320
92328
92329
92374
92448
92459
92467
92473
92484
92503
92520
92542
92585
92599
92664
92677
92694
92721
92734
92759
92789
92793
92796
92839
92848
92861
92885
92910
92916
92937
93090
93095
93100
93111
93140
93141
93185
93189
93191
93191
93211
93257
93314
93328
93336
93339
93415
93415
93418
93431
93436
93439
93452
93460
93515
93531
93548
93582
93600
93617
93627
93661
93692
93701
93709
93717
93718
93772
93814
93817
93822
93869
93874
93893
93917
93921
93924
93945
93958
93967
93984
93990
94029
94042
94119
94152
94223
94227
94230
94269
94271
94279
94313
94325
94342
94358
94358
94379
94426
94475
94518
94559
94612
94617
94639
94641
94654
94691
94695
94702
94712
94713
94724
94774
94779
94788
94805
94855
94889
94890
94914
94923
94962
94987
94990
95001
95039
95045
95058
95071
95084
95105
95116
95116
95118
95135
95151
95162
95176
95193
95206
95206
95218
95228
95271
95271
95278
95282
95296
95302
95315
95372
95404
95406
95413
95422
95451
95470
95479
95505
95539
95560
95576
95591
95594
95598
95599
95617
95632
95699
95713
95720
95723
95764
95843
95853
95856
95866
95870
95877
95880
95891
95907
95947
95952
96020
96035
96062
96064
96090
96094
96110
96119
96125
96138
96150
96156
96166
96233
96273
96274
96286
96289
96289
96291
96319
96384
96402
96406
96409
96410
96418
96426
96464
96472
96483
96490
96525
96530
96544
96600
96627
96636
96653
96673
96688
96722
96726
96729
96740
96751
96762
96783
96811
96820
96868
96879
96890
96942
96952
96967
96992
97000
97012
97039
97083
97107
97108
97141
97146
97158
97187
97190
97191
97198
97271
97294
97312
97327
97330
97349
97370
97373
97406
97424
97437
97464
97506
97518
97553
97553
97583
97599
97667
97731
97767
97773
97776
97782
97794
97798
97802
97866
97882
97910
97916
97918
97921
97941
97954
97955
97955
97961
97970
97974
97988
97995
98011
98062
98078
98093
98099
98102
98144
98159
98173
98190
98203
98233
98265
98283
98290
98308
98319
98321
98337
98381
98427
98467
98486
98518
98550
98553
98565
98567
98567
98577
98587
98594
98596
98640
98648
98672
98684
98755
98782
98784
98817
98829
98868
98911
98917
98956
98963
98965
98998
99017
99023
99063
99080
99089
99118
99128
99143
99167
99188
99242
99258
99265
99278
99296
99301
99308
99328
99365
99388
99414
99428
99494
99503
99573
99597
99632
99632
99633
99640
99661
99695
99752
99758
99759
99777
99806
99874
99920
99929
99955
99966
99976
99994
